Date, Open, High, Low, Close, Volume, Adj Close, Dividend, Stock Split
2016-06-20, 17.60, 18.08, 17.20, 17.85, 2374800, 17.85,,
2016-06-17, 17.74, 17.84, 17.10, 17.36, 3464200, 17.36,,
2016-06-16, 18.76, 18.90, 17.03, 17.38, 4169000, 17.38,,
2016-06-15, 18.92, 19.24, 18.76, 18.87, 2437900, 18.87,,
2016-06-14, 19.13, 19.90, 18.75, 19.08, 2985800, 19.08,,
2016-06-13, 19.66, 20.29, 19.19, 19.41, 3441300, 19.41,,
2016-06-10, 20.48, 20.75, 19.67, 19.95, 3747900, 19.95,,
2016-06-09, 20.18, 21.70, 19.66, 20.99, 13737100, 20.99,,
2016-06-08, 19.18, 19.68, 18.35, 19.44, 7072300, 19.44,,
2016-06-07, 21.19, 21.88, 19.11, 19.67, 18896900, 19.67,,
2016-06-06, 15.65, 16.21, 15.06, 16.05, 3582600, 16.05,,
2016-06-03, 15.91, 16.44, 15.25, 15.57, 5976600, 15.57,,
2016-06-02, 19.90, 19.98, 14.83, 15.71, 20576000, 15.71,,
2016-06-01, 20.80, 21.80, 20.17, 21.41, 4057200, 21.41,,
2016-05-31, 21.84, 22.28, 20.22, 20.93, 6840600, 20.93,,
2016-05-27, 22.25, 23.04, 20.82, 21.19, 6596300, 21.19,,
2016-05-26, 23.16, 24.28, 21.85, 22.20, 8444400, 22.20,,
2016-05-25, 22.15, 23.72, 20.83, 23.35, 21334700, 23.35,,
2016-05-24, 18.29, 18.97, 17.57, 18.44, 5516500, 18.44,,
2016-05-23, 19.38, 20.14, 17.12, 17.48, 7068900, 17.48,,
2016-05-20, 18.50, 19.29, 17.85, 19.15, 7425100, 19.15,,
2016-05-19, 17.00, 17.88, 16.95, 17.60, 2393900, 17.60,,
2016-05-18, 17.19, 17.45, 16.84, 17.11, 1517900, 17.11,,
2016-05-17, 17.54, 18.01, 16.93, 17.08, 2828000, 17.08,,
2016-05-16, 17.33, 18.03, 17.22, 17.66, 3030100, 17.66,,
2016-05-13, 16.16, 17.22, 15.85, 17.18, 2190400, 17.18,,
2016-05-12, 17.41, 17.52, 16.12, 16.25, 2631700, 16.25,,
2016-05-11, 18.03, 18.26, 17.50, 17.53, 2233600, 17.53,,
2016-05-10, 18.00, 18.00, 17.11, 17.75, 2651500, 17.75,,
2016-05-09, 17.79, 18.62, 17.31, 17.63, 5011500, 17.63,,
2016-05-06, 16.57, 18.25, 16.05, 17.70, 7016600, 17.70,,
2016-05-05, 16.94, 18.02, 15.83, 16.76, 10301600, 16.76,,
2016-05-04, 17.73, 18.36, 16.62, 17.22, 8771600, 17.22,,
2016-05-03, 18.32, 19.84, 17.65, 18.02, 27840100, 18.02,,
2016-05-02, 14.83, 18.14, 14.52, 17.92, 21595900, 17.92,,
2016-04-29, 13.77, 15.13, 13.70, 14.19, 10333800, 14.19,,
2016-04-28, 13.73, 15.38, 13.25, 13.80, 25195600, 13.80,,
2016-04-27, 11.09, 11.80, 10.45, 11.55, 13354500, 11.55,,
2016-04-26, 8.06, 11.56, 8.00, 11.02, 48845200, 11.02,,
2016-04-25, 14.95, 14.95, 14.95, 14.95, 0, 14.95,,
2016-04-22, 11.41, 15.70, 11.10, 14.95, 31219700, 14.95,,
2016-04-21, 11.66, 12.52, 10.50, 11.02, 22670200, 11.02,,
2016-04-20, 20.87, 20.95, 19.16, 19.71, 4569500, 19.71,,
2016-04-19, 22.25, 22.53, 20.64, 20.86, 3195200, 20.86,,
2016-04-18, 21.62, 23.20, 21.00, 22.43, 4361000, 22.43,,
2016-04-15, 22.16, 22.48, 20.63, 21.10, 3146500, 21.10,,
2016-04-14, 22.59, 22.71, 21.82, 22.00, 1560300, 22.00,,
2016-04-13, 22.65, 23.29, 22.19, 22.35, 2104600, 22.35,,
2016-04-12, 22.47, 22.72, 21.59, 22.60, 1588400, 22.60,,
2016-04-11, 22.70, 23.00, 22.40, 22.48, 1385200, 22.48,,
2016-04-08, 24.03, 24.20, 22.37, 22.68, 2061500, 22.68,,
2016-04-07, 22.99, 24.60, 22.34, 23.28, 5025700, 23.28,,
2016-04-06, 20.96, 23.31, 20.10, 23.30, 8527600, 23.30,,
2016-04-05, 19.83, 20.30, 19.51, 19.53, 963400, 19.53,,
2016-04-04, 20.19, 20.31, 19.76, 19.87, 1350700, 19.87,,
2016-04-01, 19.47, 20.63, 19.20, 19.98, 1997300, 19.98,,
2016-03-31, 19.50, 20.10, 19.21, 19.52, 1710900, 19.52,,
2016-03-30, 19.46, 20.10, 18.81, 19.27, 2228500, 19.27,,
2016-03-29, 17.90, 19.14, 17.61, 19.09, 1657600, 19.09,,
2016-03-28, 18.45, 18.67, 17.45, 17.96, 1494100, 17.96,,
2016-03-24, 18.26, 19.44, 17.37, 18.45, 1975400, 18.45,,
2016-03-23, 20.87, 21.03, 18.21, 18.31, 3658500, 18.31,,
2016-03-22, 20.76, 21.34, 19.58, 20.68, 4517300, 20.68,,
2016-03-21, 18.25, 21.89, 18.15, 21.71, 6985900, 21.71,,
2016-03-18, 17.04, 18.09, 16.36, 18.00, 3535200, 18.00,,
2016-03-17, 15.69, 17.15, 15.58, 17.03, 3595100, 17.03,,
2016-03-16, 15.00, 15.46, 14.23, 14.55, 1260000, 14.55,,
2016-03-15, 16.52, 16.56, 14.88, 15.16, 2521800, 15.16,,
2016-03-14, 16.03, 17.35, 15.98, 16.64, 2567300, 16.64,,
2016-03-11, 16.29, 16.30, 14.99, 15.74, 2429800, 15.74,,
2016-03-10, 14.21, 16.10, 14.14, 15.91, 3603400, 15.91,,
2016-03-09, 14.56, 14.63, 13.55, 13.87, 1583200, 13.87,,
2016-03-08, 14.83, 15.74, 14.21, 14.44, 3567000, 14.44,,
2016-03-07, 14.19, 14.99, 13.99, 14.88, 963500, 14.88,,
2016-03-04, 14.33, 14.62, 14.02, 14.29, 757200, 14.29,,
2016-03-03, 14.20, 14.46, 13.99, 14.27, 648300, 14.27,,
2016-03-02, 13.45, 14.24, 13.37, 14.18, 1443000, 14.18,,
2016-03-01, 13.75, 13.85, 13.31, 13.49, 1407000, 13.49,,
2016-02-29, 13.21, 14.20, 13.01, 13.71, 1188200, 13.71,,
2016-02-26, 14.05, 14.52, 12.70, 13.27, 2489400, 13.27,,
2016-02-25, 14.40, 14.67, 13.62, 14.36, 1181000, 14.36,,
2016-02-24, 14.08, 14.52, 13.31, 14.43, 1455300, 14.43,,
2016-02-23, 15.25, 15.74, 13.85, 14.15, 3753300, 14.15,,
2016-02-22, 14.34, 15.50, 14.33, 15.18, 1806500, 15.18,,
2016-02-19, 13.24, 14.15, 13.08, 14.08, 1205400, 14.08,,
2016-02-18, 13.87, 13.92, 13.22, 13.36, 1137500, 13.36,,
2016-02-17, 13.10, 13.70, 12.82, 13.48, 1399000, 13.48,,
2016-02-16, 12.50, 13.08, 12.39, 12.95, 1291800, 12.95,,
2016-02-12, 11.83, 12.44, 11.30, 12.35, 1152100, 12.35,,
2016-02-11, 11.08, 11.94, 10.96, 11.73, 1165000, 11.73,,
2016-02-10, 12.00, 12.00, 11.01, 11.29, 1136200, 11.29,,
2016-02-09, 10.64, 11.44, 10.20, 11.18, 1226500, 11.18,,
2016-02-08, 11.85, 11.98, 10.60, 10.74, 2228000, 10.74,,
2016-02-05, 12.08, 12.28, 11.68, 12.22, 1306500, 12.22,,
2016-02-04, 11.95, 12.53, 11.59, 12.23, 844300, 12.23,,
2016-02-03, 12.25, 12.48, 11.23, 12.03, 1586300, 12.03,,
2016-02-02, 12.19, 12.64, 12.03, 12.22, 1190500, 12.22,,
2016-02-01, 11.68, 12.62, 11.46, 12.38, 1619000, 12.38,,
2016-01-29, 11.24, 11.96, 11.10, 11.88, 1478600, 11.88,,
2016-01-28, 11.99, 12.31, 11.23, 11.30, 1204100, 11.30,,
2016-01-27, 12.10, 12.34, 11.74, 11.93, 1385000, 11.93,,
2016-01-26, 12.48, 12.55, 11.75, 12.16, 1792300, 12.16,,
2016-01-25, 12.03, 12.95, 11.81, 12.08, 1705800, 12.08,,
2016-01-22, 12.67, 12.89, 12.01, 12.11, 2668300, 12.11,,
2016-01-21, 13.49, 13.49, 11.70, 11.97, 3011000, 11.97,,
2016-01-20, 13.00, 13.50, 12.05, 13.26, 3029100, 13.26,,
2016-01-19, 14.39, 14.75, 12.50, 13.44, 5458500, 13.44,,
2016-01-15, 15.00, 15.78, 12.80, 14.28, 17594100, 14.28,,
2016-01-14, 32.28, 33.50, 29.05, 31.63, 3697100, 31.63,,
2016-01-13, 34.23, 34.32, 31.38, 32.02, 1340500, 32.02,,
2016-01-12, 34.92, 35.83, 32.61, 33.99, 1382300, 33.99,,
2016-01-11, 36.12, 36.24, 33.36, 34.41, 1421600, 34.41,,
2016-01-08, 36.57, 37.17, 35.70, 35.93, 939900, 35.93,,
2016-01-07, 35.98, 37.48, 35.35, 36.21, 948700, 36.21,,
2016-01-06, 37.10, 37.80, 36.30, 36.72, 1095300, 36.72,,
2016-01-05, 38.20, 38.63, 37.41, 37.60, 581200, 37.60,,
2016-01-04, 37.85, 38.80, 37.33, 38.07, 882400, 38.07,,
2015-12-31, 38.55, 39.86, 38.26, 38.58, 779400, 38.58,,
2015-12-30, 39.50, 41.00, 38.54, 38.67, 1251300, 38.67,,
2015-12-29, 37.81, 39.44, 37.71, 39.12, 908400, 39.12,,
2015-12-28, 38.31, 38.49, 37.05, 37.57, 699600, 37.57,,
2015-12-24, 38.35, 38.97, 38.15, 38.45, 298900, 38.45,,
2015-12-23, 37.48, 38.50, 37.25, 38.44, 648400, 38.44,,
2015-12-22, 37.92, 38.20, 36.75, 37.22, 689400, 37.22,,
2015-12-21, 38.02, 38.14, 37.20, 37.85, 1026400, 37.85,,
2015-12-18, 35.61, 38.85, 35.33, 37.54, 2328900, 37.54,,
2015-12-17, 38.20, 38.24, 35.13, 35.83, 1180100, 35.83,,
2015-12-16, 36.80, 37.45, 35.87, 37.20, 1174900, 37.20,,
2015-12-15, 35.38, 36.88, 35.28, 36.57, 796600, 36.57,,
2015-12-14, 35.04, 35.90, 33.91, 34.99, 1175600, 34.99,,
2015-12-11, 36.64, 36.90, 35.13, 35.26, 995600, 35.26,,
2015-12-10, 36.34, 37.13, 35.68, 37.02, 569400, 37.02,,
2015-12-09, 36.79, 37.00, 35.86, 36.41, 645000, 36.41,,
2015-12-08, 35.29, 37.00, 35.00, 36.80, 981900, 36.80,,
2015-12-07, 37.00, 37.10, 34.84, 35.71, 1164600, 35.71,,
2015-12-04, 36.45, 37.11, 35.73, 37.05, 1086500, 37.05,,
2015-12-03, 37.06, 37.67, 35.66, 36.28, 1086300, 36.28,,
2015-12-02, 36.72, 38.09, 36.46, 37.19, 1083100, 37.19,,
2015-12-01, 36.78, 37.15, 35.93, 36.92, 1127200, 36.92,,
2015-11-30, 37.77, 38.38, 36.00, 36.76, 1879000, 36.76,,
2015-11-27, 37.49, 38.19, 37.04, 37.40, 1007500, 37.40,,
2015-11-25, 37.13, 39.35, 36.60, 37.49, 3568400, 37.49,,
2015-11-24, 37.35, 38.09, 34.78, 37.32, 4810200, 37.32,,
2015-11-23, 35.16, 38.08, 34.00, 37.05, 5108100, 37.05,,
2015-11-20, 31.86, 34.96, 31.33, 33.36, 10213400, 33.36,,
2015-11-19, 27.85, 28.20, 25.10, 26.07, 1941800, 26.07,,
2015-11-18, 27.27, 29.12, 27.12, 27.72, 2317500, 27.72,,
2015-11-17, 26.74, 27.80, 26.19, 27.30, 1877500, 27.30,,
2015-11-16, 25.60, 26.14, 24.93, 25.94, 988600, 25.94,,
2015-11-13, 24.78, 25.97, 24.30, 25.83, 1100700, 25.83,,
2015-11-12, 25.56, 25.88, 24.82, 24.87, 690300, 24.87,,
2015-11-11, 26.27, 26.48, 25.71, 25.81, 767200, 25.81,,
2015-11-10, 26.16, 26.64, 25.70, 26.29, 874600, 26.29,,
2015-11-09, 24.73, 26.55, 24.58, 26.25, 1224700, 26.25,,
2015-11-06, 24.19, 25.00, 23.26, 24.88, 1218900, 24.88,,
2015-11-05, 24.76, 25.00, 23.09, 24.28, 1668200, 24.28,,
2015-11-04, 25.62, 25.99, 24.62, 25.07, 1389300, 25.07,,
2015-11-03, 25.48, 26.23, 25.08, 25.69, 1186500, 25.69,,
2015-11-02, 24.27, 25.80, 23.91, 25.66, 1254200, 25.66,,
2015-10-30, 24.57, 24.98, 23.65, 24.06, 1697900, 24.06,,
2015-10-29, 25.00, 26.10, 24.57, 24.63, 1362900, 24.63,,
2015-10-28, 24.58, 25.27, 23.82, 25.20, 1052700, 25.20,,
2015-10-27, 25.01, 25.84, 24.25, 24.89, 990400, 24.89,,
2015-10-26, 24.98, 25.86, 24.53, 24.85, 1144000, 24.85,,
2015-10-23, 25.01, 25.71, 24.40, 24.98, 1692800, 24.98,,
2015-10-22, 26.01, 26.32, 23.80, 24.23, 2237700, 24.23,,
2015-10-21, 26.80, 27.25, 25.25, 25.93, 1497600, 25.93,,
2015-10-20, 27.32, 27.45, 26.27, 26.74, 1776500, 26.74,,
2015-10-19, 27.58, 28.67, 27.01, 27.42, 1751500, 27.42,,
2015-10-16, 28.46, 29.37, 27.39, 27.93, 2132000, 27.93,,
2015-10-15, 29.28, 29.43, 27.02, 28.21, 3744600, 28.21,,
2015-10-14, 32.55, 33.10, 28.94, 29.06, 9318800, 29.06,,
2015-10-13, 34.71, 35.50, 32.77, 32.94, 1817100, 32.94,,
2015-10-12, 37.15, 37.38, 34.40, 34.82, 1648100, 34.82,,
2015-10-09, 37.74, 38.65, 37.02, 37.09, 810300, 37.09,,
2015-10-08, 37.71, 38.59, 36.34, 37.81, 1159400, 37.81,,
2015-10-07, 38.08, 39.03, 37.19, 37.97, 1551400, 37.97,,
2015-10-06, 40.01, 40.68, 35.77, 38.00, 5979900, 38.00,,
2015-10-05, 40.00, 41.97, 39.33, 41.79, 2320500, 41.79,,
2015-10-02, 38.65, 40.04, 37.00, 39.59, 3045100, 39.59,,
2015-10-01, 36.18, 39.53, 35.60, 39.28, 8555500, 39.28,,
2015-09-30, 31.35, 33.45, 31.00, 32.11, 2528200, 32.11,,
2015-09-29, 33.60, 34.92, 31.15, 31.90, 1972300, 31.90,,
2015-09-28, 36.22, 36.30, 32.76, 33.61, 2004500, 33.61,,
2015-09-25, 39.34, 39.70, 35.40, 36.27, 1585200, 36.27,,
2015-09-24, 38.11, 39.29, 36.80, 38.88, 1477700, 38.88,,
2015-09-23, 38.92, 39.70, 38.02, 38.56, 628900, 38.56,,
2015-09-22, 38.58, 39.23, 37.91, 38.88, 1127700, 38.88,,
2015-09-21, 40.38, 41.47, 38.67, 39.23, 2118200, 39.23,,
2015-09-18, 39.22, 40.98, 39.14, 39.93, 2297600, 39.93,,
2015-09-17, 37.37, 40.14, 36.71, 39.94, 1968500, 39.94,,
2015-09-16, 38.34, 38.66, 36.46, 37.28, 887000, 37.28,,
2015-09-15, 36.72, 38.47, 36.69, 38.15, 1404100, 38.15,,
2015-09-14, 36.06, 37.73, 36.02, 36.77, 1390400, 36.77,,
2015-09-11, 34.22, 36.00, 34.05, 35.94, 918500, 35.94,,
2015-09-10, 33.15, 34.72, 33.01, 34.45, 838400, 34.45,,
2015-09-09, 34.34, 34.58, 33.07, 33.27, 980700, 33.27,,
2015-09-08, 34.58, 34.60, 33.25, 34.02, 1089400, 34.02,,
2015-09-04, 33.50, 34.46, 32.29, 33.81, 1185500, 33.81,,
2015-09-03, 37.00, 37.29, 33.45, 33.53, 1557900, 33.53,,
2015-09-02, 35.67, 36.92, 35.02, 36.89, 1068700, 36.89,,
2015-09-01, 34.82, 35.84, 34.20, 35.21, 1260700, 35.21,,
2015-08-31, 36.42, 37.39, 35.50, 35.70, 1680200, 35.70,,
2015-08-28, 36.13, 37.19, 35.62, 36.69, 1689500, 36.69,,
2015-08-27, 34.36, 36.88, 34.30, 36.23, 2309700, 36.23,,
2015-08-26, 34.30, 34.33, 32.01, 34.17, 2558700, 34.17,,
2015-08-25, 34.29, 34.45, 32.47, 32.58, 1621700, 32.58,,
2015-08-24, 32.00, 35.05, 31.50, 32.88, 2369800, 32.88,,
2015-08-21, 33.43, 35.58, 32.60, 33.86, 2114900, 33.86,,
2015-08-20, 35.14, 35.87, 34.21, 34.32, 950600, 34.32,,
2015-08-19, 35.76, 36.48, 34.94, 35.58, 1156700, 35.58,,
2015-08-18, 36.40, 36.67, 35.50, 35.69, 903100, 35.69,,
2015-08-17, 35.35, 36.90, 34.99, 36.39, 1212200, 36.39,,
2015-08-14, 34.92, 35.95, 33.72, 35.33, 1259300, 35.33,,
2015-08-13, 34.72, 35.94, 34.01, 35.17, 1389300, 35.17,,
2015-08-12, 33.21, 34.95, 32.51, 34.69, 1182600, 34.69,,
2015-08-11, 33.24, 34.38, 32.77, 33.52, 1169200, 33.52,,
2015-08-10, 32.29, 34.05, 32.01, 33.69, 1758300, 33.69,,
2015-08-07, 33.94, 34.20, 30.84, 32.46, 2263900, 32.46,,
2015-08-06, 32.99, 35.00, 32.04, 34.63, 1753800, 34.63,,
2015-08-05, 33.00, 33.84, 32.28, 32.73, 1094900, 32.73,,
2015-08-04, 33.50, 33.83, 32.43, 32.75, 819300, 32.75,,
2015-08-03, 32.10, 34.52, 32.10, 33.50, 1508100, 33.50,,
2015-07-31, 32.00, 32.58, 31.41, 31.92, 787100, 31.92,,
2015-07-30, 31.61, 32.02, 30.71, 31.76, 699300, 31.76,,
2015-07-29, 32.01, 32.31, 31.12, 31.60, 746600, 31.60,,
2015-07-28, 32.24, 32.91, 31.53, 32.03, 963100, 32.03,,
2015-07-27, 32.53, 32.54, 30.31, 32.00, 1233400, 32.00,,
2015-07-24, 33.18, 34.00, 32.38, 32.63, 734900, 32.63,,
2015-07-23, 33.76, 34.35, 33.09, 33.35, 766200, 33.35,,
2015-07-22, 33.31, 34.04, 32.58, 33.66, 756000, 33.66,,
2015-07-21, 33.73, 34.66, 33.00, 33.70, 1449600, 33.70,,
2015-07-20, 32.31, 34.01, 32.31, 33.48, 1872800, 33.48,,
2015-07-17, 31.52, 32.56, 30.61, 32.13, 928800, 32.13,,
2015-07-16, 30.71, 31.92, 30.61, 31.46, 735000, 31.46,,
2015-07-15, 32.23, 32.40, 30.66, 30.73, 846900, 30.73,,
2015-07-14, 30.76, 32.27, 30.36, 32.00, 1259300, 32.00,,
2015-07-13, 30.08, 31.36, 30.08, 30.90, 653800, 30.90,,
2015-07-10, 29.85, 30.14, 29.27, 30.02, 507400, 30.02,,
2015-07-09, 29.30, 29.95, 28.85, 29.36, 850400, 29.36,,
2015-07-08, 29.07, 29.35, 28.19, 28.29, 723900, 28.29,,
2015-07-07, 30.01, 30.20, 28.56, 29.49, 763700, 29.49,,
2015-07-06, 29.40, 30.58, 29.17, 29.91, 615200, 29.91,,
2015-07-02, 29.69, 30.43, 29.38, 30.14, 663600, 30.14,,
2015-07-01, 31.13, 31.24, 29.17, 29.75, 1343000, 29.75,,
2015-06-30, 28.80, 30.93, 28.53, 30.43, 2359600, 30.43,,
2015-06-29, 31.78, 31.83, 28.03, 28.18, 3439400, 28.18,,
2015-06-26, 32.65, 32.80, 30.17, 31.26, 1600900, 31.26,,
2015-06-25, 32.45, 32.75, 31.80, 32.66, 897300, 32.66,,
2015-06-24, 32.57, 33.16, 31.73, 32.05, 1931600, 32.05,,
2015-06-23, 31.68, 32.94, 31.13, 32.68, 1938400, 32.68,,
2015-06-22, 30.57, 31.34, 30.01, 30.76, 1371300, 30.76,,
2015-06-19, 29.76, 30.43, 29.22, 30.35, 2207500, 30.35,,
2015-06-18, 29.19, 29.99, 29.11, 29.74, 1233600, 29.74,,
2015-06-17, 28.32, 30.30, 28.32, 29.10, 1394500, 29.10,,
2015-06-16, 28.60, 29.10, 28.27, 28.30, 776600, 28.30,,
2015-06-15, 27.78, 29.28, 27.39, 28.54, 1161300, 28.54,,
2015-06-12, 28.11, 28.19, 27.15, 27.69, 732600, 27.69,,
2015-06-11, 28.13, 28.51, 27.76, 28.30, 780500, 28.30,,
2015-06-10, 27.08, 28.76, 26.64, 28.12, 1854600, 28.12,,
2015-06-09, 26.34, 27.09, 26.02, 27.01, 1149500, 27.01,,
2015-06-08, 26.51, 27.16, 25.85, 26.20, 866200, 26.20,,
2015-06-05, 25.38, 26.89, 25.15, 26.71, 1007000, 26.71,,
2015-06-04, 25.30, 25.86, 25.03, 25.42, 623100, 25.42,,
2015-06-03, 25.21, 25.55, 24.86, 25.49, 657300, 25.49,,
2015-06-02, 24.73, 25.53, 24.56, 25.18, 607700, 25.18,,
2015-06-01, 25.87, 25.99, 24.61, 24.95, 1010500, 24.95,,
2015-05-29, 25.38, 26.11, 24.92, 25.62, 1044100, 25.62,,
2015-05-28, 25.89, 26.14, 25.07, 25.51, 1047500, 25.51,,
2015-05-27, 26.56, 27.00, 25.76, 26.14, 1474200, 26.14,,
2015-05-26, 26.13, 27.02, 25.41, 26.71, 2396200, 26.71,,
2015-05-22, 25.03, 26.98, 25.00, 26.22, 3891600, 26.22,,
2015-05-21, 24.85, 25.34, 23.38, 24.26, 6859800, 24.26,,
2015-05-20, 23.28, 27.49, 21.81, 26.24, 20089000, 26.24,,
2015-05-19, 16.18, 16.49, 15.88, 16.38, 2643800, 16.38,,
2015-05-18, 15.27, 15.94, 15.12, 15.93, 1326700, 15.93,,
2015-05-15, 15.24, 15.45, 14.96, 15.21, 831800, 15.21,,
2015-05-14, 15.03, 15.37, 14.45, 15.32, 923600, 15.32,,
2015-05-13, 15.28, 15.62, 14.75, 14.87, 887700, 14.87,,
2015-05-12, 15.00, 15.45, 14.96, 15.21, 1057000, 15.21,,
2015-05-11, 14.70, 15.35, 14.57, 15.04, 998800, 15.04,,
2015-05-08, 15.28, 15.35, 14.60, 14.71, 1063300, 14.71,,
2015-05-07, 14.59, 15.38, 13.61, 15.04, 2160300, 15.04,,
2015-05-06, 13.97, 14.85, 13.52, 14.76, 3100700, 14.76,,
2015-05-05, 13.25, 13.79, 12.83, 13.25, 1629400, 13.25,,
2015-05-04, 12.80, 13.39, 12.69, 13.27, 920400, 13.27,,
2015-05-01, 12.27, 12.75, 12.12, 12.73, 692300, 12.73,,
2015-04-30, 12.88, 13.03, 12.01, 12.20, 1344700, 12.20,,
2015-04-29, 12.95, 13.23, 12.73, 12.99, 644700, 12.99,,
2015-04-28, 13.22, 13.49, 12.61, 13.06, 1020700, 13.06,,
2015-04-27, 13.48, 13.94, 12.93, 13.21, 841000, 13.21,,
2015-04-24, 13.66, 13.78, 13.37, 13.42, 273300, 13.42,,
2015-04-23, 13.53, 13.78, 13.27, 13.66, 541500, 13.66,,
2015-04-22, 13.43, 13.72, 13.24, 13.52, 470200, 13.52,,
2015-04-21, 13.56, 13.70, 13.30, 13.48, 538200, 13.48,,
2015-04-20, 13.30, 13.68, 12.90, 13.54, 627600, 13.54,,
2015-04-17, 13.35, 13.56, 13.09, 13.24, 676800, 13.24,,
2015-04-16, 13.76, 13.92, 13.43, 13.47, 641000, 13.47,,
2015-04-15, 13.61, 13.98, 13.35, 13.81, 657300, 13.81,,
2015-04-14, 13.67, 13.76, 13.35, 13.56, 642200, 13.56,,
2015-04-13, 13.81, 13.94, 13.55, 13.68, 659100, 13.68,,
2015-04-10, 14.14, 14.14, 13.75, 13.85, 738900, 13.85,,
2015-04-09, 14.22, 14.43, 13.70, 14.07, 655500, 14.07,,
2015-04-08, 14.52, 14.65, 14.10, 14.23, 680700, 14.23,,
2015-04-07, 14.79, 14.99, 14.25, 14.47, 1095300, 14.47,,
2015-04-06, 14.24, 15.12, 14.07, 14.73, 1414800, 14.73,,
2015-04-02, 14.30, 14.35, 13.77, 14.25, 943400, 14.25,,
2015-04-01, 14.13, 14.30, 13.50, 14.29, 2129900, 14.29,,
2015-03-31, 13.70, 13.92, 13.15, 13.28, 623000, 13.28,,
2015-03-30, 13.66, 14.09, 13.54, 13.87, 822200, 13.87,,
2015-03-27, 13.08, 13.68, 13.08, 13.57, 763900, 13.57,,
2015-03-26, 12.80, 13.20, 12.66, 13.07, 537500, 13.07,,
2015-03-25, 13.50, 13.59, 12.98, 13.00, 1025000, 13.00,,
2015-03-24, 13.26, 13.50, 13.15, 13.49, 530500, 13.49,,
2015-03-23, 13.19, 13.35, 12.75, 13.22, 771500, 13.22,,
2015-03-20, 13.97, 14.47, 13.12, 13.16, 1550200, 13.16,,
2015-03-19, 13.63, 13.95, 13.60, 13.92, 489600, 13.92,,
2015-03-18, 13.54, 13.80, 13.35, 13.66, 572600, 13.66,,
2015-03-17, 13.76, 13.81, 13.30, 13.59, 504900, 13.59,,
2015-03-16, 14.12, 14.12, 13.68, 13.79, 601800, 13.79,,
2015-03-13, 14.08, 14.24, 13.76, 14.11, 461800, 14.11,,
2015-03-12, 13.93, 14.08, 13.71, 14.04, 418900, 14.04,,
2015-03-11, 13.61, 14.07, 13.43, 13.96, 559000, 13.96,,
2015-03-10, 13.31, 13.71, 13.22, 13.56, 369600, 13.56,,
2015-03-09, 13.69, 13.85, 13.35, 13.59, 364800, 13.59,,
2015-03-06, 14.00, 14.09, 13.51, 13.63, 529400, 13.63,,
2015-03-05, 14.13, 14.39, 13.85, 14.08, 531100, 14.08,,
2015-03-04, 13.36, 14.07, 13.15, 14.06, 802000, 14.06,,
2015-03-03, 13.40, 13.55, 13.05, 13.36, 658100, 13.36,,
2015-03-02, 13.84, 14.09, 13.23, 13.49, 870800, 13.49,,
2015-02-27, 13.42, 14.00, 13.12, 13.90, 1295700, 13.90,,
2015-02-26, 14.39, 14.67, 13.58, 13.82, 1465700, 13.82,,
2015-02-25, 14.68, 15.36, 14.56, 14.99, 1182800, 14.99,,
2015-02-24, 15.49, 15.68, 14.38, 14.81, 1215800, 14.81,,
2015-02-23, 15.23, 15.74, 14.60, 15.49, 1381500, 15.49,,
2015-02-20, 15.23, 15.44, 15.17, 15.21, 596800, 15.21,,
2015-02-19, 14.68, 15.45, 14.60, 15.18, 868000, 15.18,,
2015-02-18, 14.66, 14.84, 14.29, 14.70, 695400, 14.70,,
2015-02-17, 13.58, 14.76, 13.58, 14.69, 2819400, 14.69,,
2015-02-13, 12.70, 12.87, 12.52, 12.76, 445700, 12.76,,
2015-02-12, 12.45, 12.85, 12.32, 12.65, 416500, 12.65,,
2015-02-11, 12.54, 13.00, 12.27, 12.37, 575300, 12.37,,
2015-02-10, 12.42, 12.62, 12.13, 12.58, 348400, 12.58,,
2015-02-09, 12.30, 12.84, 12.26, 12.33, 580900, 12.33,,
2015-02-06, 12.87, 13.03, 12.32, 12.39, 558400, 12.39,,
2015-02-05, 12.24, 12.91, 12.24, 12.86, 735000, 12.86,,
2015-02-04, 12.11, 12.50, 11.97, 12.40, 538300, 12.40,,
2015-02-03, 11.91, 12.25, 11.53, 12.24, 711200, 12.24,,
2015-02-02, 12.02, 12.18, 11.55, 11.89, 738800, 11.89,,
2015-01-30, 12.19, 12.54, 12.00, 12.00, 524100, 12.00,,
2015-01-29, 12.00, 12.30, 11.85, 12.30, 483000, 12.30,,
2015-01-28, 12.41, 12.41, 11.90, 12.00, 622900, 12.00,,
2015-01-27, 12.44, 12.59, 12.03, 12.32, 509500, 12.32,,
2015-01-26, 12.21, 12.54, 12.01, 12.44, 666400, 12.44,,
2015-01-23, 12.19, 12.34, 11.97, 12.18, 610900, 12.18,,
2015-01-22, 11.96, 12.30, 11.52, 12.22, 738800, 12.22,,
2015-01-21, 11.74, 12.05, 11.51, 11.85, 707800, 11.85,,
2015-01-20, 12.13, 12.22, 11.42, 11.77, 810600, 11.77,,
2015-01-16, 11.81, 12.19, 11.73, 12.11, 702000, 12.11,,
2015-01-15, 12.31, 12.33, 11.77, 11.87, 901700, 11.87,,
2015-01-14, 11.58, 12.26, 11.33, 12.23, 790000, 12.23,,
2015-01-13, 12.01, 12.35, 11.54, 11.61, 1133400, 11.61,,
2015-01-12, 13.41, 13.47, 11.33, 11.91, 3514800, 11.91,,
2015-01-09, 14.56, 14.73, 13.76, 13.95, 1225700, 13.95,,
2015-01-08, 15.08, 15.23, 14.35, 14.56, 878300, 14.56,,
2015-01-07, 14.49, 14.97, 14.31, 14.93, 770900, 14.93,,
2015-01-06, 15.03, 15.18, 13.95, 14.11, 942800, 14.11,,
2015-01-05, 14.75, 15.21, 14.55, 15.00, 754400, 15.00,,
2015-01-02, 14.58, 15.01, 14.30, 14.94, 879800, 14.94,,
2014-12-31, 14.56, 14.74, 14.35, 14.47, 983800, 14.47,,
2014-12-30, 14.37, 15.11, 14.32, 14.52, 1132600, 14.52,,
2014-12-29, 13.98, 14.49, 13.90, 14.48, 1126700, 14.48,,
2014-12-26, 13.83, 14.20, 13.69, 13.92, 813700, 13.92,,
2014-12-24, 13.49, 13.90, 13.42, 13.88, 573800, 13.88,,
2014-12-23, 13.49, 13.50, 12.71, 13.42, 1656200, 13.42,,
2014-12-22, 13.04, 13.42, 12.77, 13.42, 1231700, 13.42,,
2014-12-19, 13.76, 13.76, 13.19, 13.21, 2868300, 13.21,,
2014-12-18, 13.80, 14.02, 13.55, 13.80, 1214300, 13.80,,
2014-12-17, 12.66, 13.50, 12.60, 13.50, 1108900, 13.50,,
2014-12-16, 13.00, 13.50, 12.58, 12.60, 1493800, 12.60,,
2014-12-15, 14.07, 14.17, 12.83, 13.00, 1661600, 13.00,,
2014-12-12, 14.30, 14.49, 13.85, 13.97, 1273900, 13.97,,
2014-12-11, 15.47, 16.04, 14.17, 14.30, 1768700, 14.30,,
2014-12-10, 15.66, 16.10, 15.47, 15.59, 890400, 15.59,,
2014-12-09, 14.69, 15.87, 14.35, 15.83, 1400800, 15.83,,
2014-12-08, 15.16, 15.48, 14.76, 14.87, 826200, 14.87,,
2014-12-05, 15.20, 15.47, 15.01, 15.22, 855700, 15.22,,
2014-12-04, 15.43, 15.57, 15.11, 15.22, 578400, 15.22,,
2014-12-03, 16.11, 16.15, 15.35, 15.48, 1104800, 15.48,,
2014-12-02, 15.53, 16.18, 15.29, 16.16, 1182900, 16.16,,
2014-12-01, 16.78, 16.81, 15.43, 15.53, 1301000, 15.53,,
2014-11-28, 16.80, 17.70, 16.67, 16.94, 779600, 16.94,,
2014-11-26, 16.67, 16.88, 16.40, 16.81, 783200, 16.81,,
2014-11-25, 16.60, 16.92, 16.10, 16.52, 1036700, 16.52,,
2014-11-24, 16.83, 17.15, 16.20, 16.61, 4444900, 16.61,,
2014-11-21, 16.00, 16.23, 15.66, 15.73, 945000, 15.73,,
2014-11-20, 15.53, 16.22, 15.36, 15.78, 885500, 15.78,,
2014-11-19, 15.58, 16.07, 15.25, 15.64, 1385400, 15.64,,
2014-11-18, 15.45, 15.68, 15.33, 15.57, 710300, 15.57,,
2014-11-17, 15.24, 15.48, 14.96, 15.34, 707100, 15.34,,
2014-11-14, 15.13, 15.43, 14.83, 15.33, 866500, 15.33,,
2014-11-13, 15.61, 15.73, 15.10, 15.19, 862200, 15.19,,
2014-11-12, 15.60, 15.80, 15.08, 15.53, 1346800, 15.53,,
2014-11-11, 15.81, 16.05, 15.33, 15.60, 1283600, 15.60,,
2014-11-10, 16.19, 16.88, 15.51, 16.04, 2460200, 16.04,,
2014-11-07, 16.23, 16.45, 15.83, 16.12, 1232000, 16.12,,
2014-11-06, 15.13, 16.57, 15.12, 16.26, 1933800, 16.26,,
2014-11-05, 16.57, 16.65, 15.12, 15.17, 2043400, 15.17,,
2014-11-04, 16.25, 16.41, 15.78, 16.38, 1214700, 16.38,,
2014-11-03, 16.35, 16.69, 16.00, 16.40, 1840500, 16.40,,
2014-10-31, 17.41, 17.87, 15.85, 16.17, 4245400, 16.17,,
2014-10-30, 15.13, 15.79, 15.04, 15.73, 1518100, 15.73,,
2014-10-29, 15.03, 15.25, 14.31, 15.19, 2220100, 15.19,,
2014-10-28, 16.07, 16.07, 15.00, 15.12, 3898200, 15.12,,
2014-10-27, 14.80, 16.68, 14.74, 15.91, 15718100, 15.91,,
2014-10-24, 23.23, 23.62, 22.90, 23.56, 789000, 23.56,,
2014-10-23, 22.29, 23.60, 22.05, 23.04, 1113000, 23.04,,
2014-10-22, 22.71, 22.71, 21.61, 22.29, 1022400, 22.29,,
2014-10-21, 23.10, 23.20, 22.28, 22.49, 814500, 22.49,,
2014-10-20, 21.88, 23.26, 21.79, 22.83, 1039600, 22.83,,
2014-10-17, 24.74, 24.95, 22.16, 22.22, 3908200, 22.22,,
2014-10-16, 20.13, 22.50, 20.00, 22.30, 2473800, 22.30,,
2014-10-15, 19.09, 21.10, 18.84, 20.91, 1973400, 20.91,,
2014-10-14, 18.86, 19.75, 18.05, 18.91, 1200600, 18.91,,
2014-10-13, 18.75, 19.29, 17.54, 18.61, 2137700, 18.61,,
2014-10-10, 19.69, 19.93, 18.65, 18.77, 1302200, 18.77,,
2014-10-09, 21.02, 21.02, 19.59, 19.85, 1440900, 19.85,,
2014-10-08, 20.88, 21.23, 19.66, 20.89, 1704400, 20.89,,
2014-10-07, 21.61, 22.08, 20.85, 20.94, 1079700, 20.94,,
2014-10-06, 23.54, 23.63, 21.66, 21.83, 1963000, 21.83,,
2014-10-03, 21.95, 23.75, 21.66, 23.30, 2200800, 23.30,,
2014-10-02, 21.66, 21.93, 20.55, 21.63, 1953400, 21.63,,
2014-10-01, 22.25, 22.97, 21.40, 21.88, 3608400, 21.88,,
2014-09-30, 21.72, 21.84, 20.71, 21.10, 1409800, 21.10,,
2014-09-29, 21.24, 21.87, 21.11, 21.48, 671600, 21.48,,
2014-09-26, 22.20, 22.20, 21.28, 21.89, 599700, 21.89,,
2014-09-25, 21.90, 22.29, 20.91, 22.09, 1010600, 22.09,,
2014-09-24, 21.50, 22.13, 20.83, 21.98, 1186900, 21.98,,
2014-09-23, 20.79, 21.59, 20.59, 20.61, 970900, 20.61,,
2014-09-22, 21.61, 22.17, 20.41, 20.79, 1006800, 20.79,,
2014-09-19, 22.70, 22.70, 21.36, 21.78, 1392400, 21.78,,
2014-09-18, 23.06, 23.06, 22.31, 22.53, 525400, 22.53,,
2014-09-17, 22.41, 23.21, 22.21, 22.94, 653600, 22.94,,
2014-09-16, 22.67, 22.67, 22.03, 22.30, 667500, 22.30,,
2014-09-15, 23.59, 23.70, 22.21, 22.72, 1034900, 22.72,,
2014-09-12, 23.71, 23.80, 23.21, 23.78, 757000, 23.78,,
2014-09-11, 23.34, 23.98, 23.11, 23.77, 665200, 23.77,,
2014-09-10, 22.46, 23.68, 22.38, 23.53, 901400, 23.53,,
2014-09-09, 23.40, 23.52, 22.35, 22.38, 737000, 22.38,,
2014-09-08, 22.82, 23.19, 22.70, 23.11, 832900, 23.11,,
2014-09-05, 23.27, 23.32, 22.25, 22.90, 1082100, 22.90,,
2014-09-04, 22.59, 25.41, 22.22, 23.28, 4738100, 23.28,,
2014-09-03, 22.69, 22.87, 22.17, 22.45, 643700, 22.45,,
2014-09-02, 22.92, 23.45, 21.92, 22.56, 867200, 22.56,,
2014-08-29, 22.20, 22.97, 22.07, 22.93, 689600, 22.93,,
2014-08-28, 22.71, 23.35, 22.06, 22.13, 821900, 22.13,,
2014-08-27, 23.21, 23.75, 22.75, 22.84, 632600, 22.84,,
2014-08-26, 22.57, 23.35, 22.34, 23.20, 868000, 23.20,,
2014-08-25, 21.95, 22.92, 21.95, 22.50, 906700, 22.50,,
2014-08-22, 21.45, 21.73, 20.95, 21.71, 717000, 21.71,,
2014-08-21, 21.72, 22.11, 21.39, 21.49, 517500, 21.49,,
2014-08-20, 22.29, 22.51, 21.57, 21.72, 610500, 21.72,,
2014-08-19, 22.80, 22.80, 21.88, 22.36, 481400, 22.36,,
2014-08-18, 22.67, 22.83, 22.23, 22.35, 429200, 22.35,,
2014-08-15, 22.48, 22.93, 21.78, 22.47, 783000, 22.47,,
2014-08-14, 22.34, 22.70, 22.05, 22.36, 615300, 22.36,,
2014-08-13, 21.49, 22.59, 21.45, 22.35, 1176100, 22.35,,
2014-08-12, 22.30, 22.48, 21.15, 21.36, 1049200, 21.36,,
2014-08-11, 21.45, 22.83, 21.05, 22.66, 1504400, 22.66,,
2014-08-08, 20.13, 21.12, 19.86, 21.10, 1102100, 21.10,,
2014-08-07, 21.51, 21.59, 19.64, 19.90, 2145600, 19.90,,
2014-08-06, 22.50, 22.50, 21.72, 21.83, 920100, 21.83,,
2014-08-05, 22.60, 22.80, 21.92, 22.52, 1723400, 22.52,,
2014-08-04, 22.09, 22.22, 21.07, 21.97, 1015600, 21.97,,
2014-08-01, 21.61, 22.19, 20.63, 21.97, 1603500, 21.97,,
2014-07-31, 22.44, 22.67, 21.31, 21.34, 1429700, 21.34,,
2014-07-30, 23.05, 23.79, 22.30, 22.93, 2835200, 22.93,,
2014-07-29, 20.15, 20.91, 19.90, 20.33, 1912400, 20.33,,
2014-07-28, 20.71, 20.78, 19.33, 19.90, 1285800, 19.90,,
2014-07-25, 20.48, 20.96, 20.20, 20.58, 858100, 20.58,,
2014-07-24, 20.27, 21.18, 20.25, 20.63, 2044500, 20.63,,
2014-07-23, 22.14, 22.21, 21.05, 21.35, 1118600, 21.35,,
2014-07-22, 21.67, 22.18, 21.49, 21.88, 699000, 21.88,,
2014-07-21, 21.75, 22.00, 21.25, 21.57, 671200, 21.57,,
2014-07-18, 21.00, 22.16, 20.85, 21.89, 1713300, 21.89,,
2014-07-17, 20.50, 21.21, 20.22, 20.67, 1359100, 20.67,,
2014-07-16, 21.15, 21.54, 20.53, 20.68, 993500, 20.68,,
2014-07-15, 21.98, 22.22, 20.43, 21.00, 2312600, 21.00,,
2014-07-14, 22.15, 22.56, 21.10, 21.82, 1527800, 21.82,,
2014-07-11, 22.44, 23.34, 21.80, 21.98, 2180000, 21.98,,
2014-07-10, 19.74, 23.52, 18.59, 22.54, 19255100, 22.54,,
2014-07-09, 25.91, 26.25, 25.24, 25.89, 809100, 25.89,,
2014-07-08, 27.71, 27.96, 24.90, 25.68, 2426000, 25.68,,
2014-07-07, 29.79, 29.81, 27.03, 27.70, 2299700, 27.70,,
2014-07-03, 30.44, 30.64, 29.65, 29.90, 539900, 29.90,,
2014-07-02, 30.14, 31.35, 29.71, 30.27, 1029400, 30.27,,
2014-07-01, 29.84, 30.69, 29.80, 30.22, 544800, 30.22,,
2014-06-30, 30.25, 30.58, 29.65, 29.79, 547000, 29.79,,
2014-06-27, 29.88, 30.23, 29.43, 30.17, 887100, 30.17,,
2014-06-26, 30.57, 30.91, 29.85, 30.09, 544600, 30.09,,
2014-06-25, 30.44, 30.95, 29.78, 30.41, 872200, 30.41,,
2014-06-24, 32.17, 32.47, 30.36, 30.63, 1289400, 30.63,,
2014-06-23, 31.96, 32.66, 31.86, 32.23, 662600, 32.23,,
2014-06-20, 32.41, 32.54, 31.53, 31.98, 1145300, 31.98,,
2014-06-19, 32.98, 33.26, 32.00, 32.23, 650500, 32.23,,
2014-06-18, 33.00, 33.30, 32.53, 32.95, 524600, 32.95,,
2014-06-17, 32.65, 33.41, 32.40, 32.91, 607600, 32.91,,
2014-06-16, 32.30, 33.37, 32.20, 32.75, 517700, 32.75,,
2014-06-13, 32.30, 32.77, 31.76, 32.35, 465400, 32.35,,
2014-06-12, 33.13, 33.30, 32.00, 32.20, 809600, 32.20,,
2014-06-11, 32.88, 33.80, 32.70, 33.08, 602800, 33.08,,
2014-06-10, 34.20, 34.57, 32.95, 33.14, 1052500, 33.14,,
2014-06-09, 34.42, 35.23, 34.06, 34.55, 970400, 34.55,,
2014-06-06, 34.25, 34.63, 33.76, 34.57, 886100, 34.57,,
2014-06-05, 32.86, 34.45, 32.77, 34.06, 1094500, 34.06,,
2014-06-04, 32.00, 32.78, 31.16, 32.68, 807700, 32.68,,
2014-06-03, 32.87, 32.99, 31.97, 32.19, 961200, 32.19,,
2014-06-02, 33.62, 34.12, 32.46, 33.08, 579100, 33.08,,
2014-05-30, 34.53, 34.78, 33.18, 33.68, 1293400, 33.68,,
2014-05-29, 34.16, 35.01, 33.80, 34.69, 1136200, 34.69,,
2014-05-28, 34.74, 35.41, 33.92, 34.08, 903500, 34.08,,
2014-05-27, 34.71, 35.43, 33.89, 34.88, 1230100, 34.88,,
2014-05-23, 34.54, 35.45, 33.60, 34.04, 2304600, 34.04,,
2014-05-22, 32.65, 33.74, 31.89, 32.55, 1601000, 32.55,,
2014-05-21, 31.19, 31.63, 30.44, 31.14, 972600, 31.14,,
2014-05-20, 31.47, 32.00, 30.31, 30.94, 803000, 30.94,,
2014-05-19, 31.12, 32.10, 31.06, 31.63, 922700, 31.63,,
2014-05-16, 32.32, 32.94, 30.90, 31.42, 861700, 31.42,,
2014-05-15, 32.41, 32.94, 31.33, 32.38, 925300, 32.38,,
2014-05-14, 33.76, 34.57, 32.63, 32.69, 1083900, 32.69,,
2014-05-13, 32.60, 34.34, 32.45, 34.06, 1776100, 34.06,,
2014-05-12, 32.17, 33.86, 32.17, 32.54, 1362200, 32.54,,
2014-05-09, 31.05, 32.43, 30.48, 32.07, 1226300, 32.07,,
2014-05-08, 34.43, 34.80, 30.71, 31.10, 2356900, 31.10,,
2014-05-07, 35.82, 35.82, 33.50, 34.28, 1650100, 34.28,,
2014-05-06, 36.24, 36.47, 35.43, 35.79, 671200, 35.79,,
2014-05-05, 35.68, 36.78, 35.00, 36.62, 653800, 36.62,,
2014-05-02, 36.82, 36.94, 35.77, 36.08, 831700, 36.08,,
2014-05-01, 37.24, 38.24, 36.50, 36.88, 978600, 36.88,,
2014-04-30, 36.69, 37.24, 36.26, 37.13, 615300, 37.13,,
2014-04-29, 36.30, 37.58, 36.24, 37.11, 848400, 37.11,,
2014-04-28, 37.91, 38.25, 35.18, 36.36, 1412200, 36.36,,
2014-04-25, 37.37, 38.13, 36.36, 36.70, 1257900, 36.70,,
2014-04-24, 38.50, 38.77, 36.51, 38.19, 3172100, 38.19,,
2014-04-23, 37.59, 39.81, 37.26, 38.91, 2823900, 38.91,,
2014-04-22, 34.56, 39.20, 34.50, 38.79, 4306800, 38.79,,
2014-04-21, 40.00, 40.00, 33.57, 33.98, 13109300, 33.98,,
2014-04-17, 24.01, 24.74, 23.42, 24.40, 1001300, 24.40,,
2014-04-16, 22.89, 24.25, 22.89, 24.23, 885600, 24.23,,
2014-04-15, 22.50, 23.20, 20.89, 22.67, 1046900, 22.67,,
2014-04-14, 22.41, 23.42, 21.56, 22.29, 1228400, 22.29,,
2014-04-11, 22.87, 23.58, 22.00, 22.18, 1282800, 22.18,,
2014-04-10, 25.86, 26.00, 23.09, 23.22, 1525400, 23.22,,
2014-04-09, 25.25, 26.11, 25.20, 25.80, 1124600, 25.80,,
2014-04-08, 24.90, 25.76, 23.75, 24.89, 1661100, 24.89,,
2014-04-07, 22.98, 25.41, 21.75, 24.73, 2211200, 24.73,,
2014-04-04, 24.42, 24.69, 22.53, 23.05, 985800, 23.05,,
2014-04-03, 25.17, 25.75, 23.75, 24.26, 772400, 24.26,,
2014-04-02, 26.14, 26.45, 25.07, 25.22, 924900, 25.22,,
2014-04-01, 24.26, 25.98, 24.26, 25.71, 903200, 25.71,,
2014-03-31, 23.76, 24.40, 23.31, 24.03, 573400, 24.03,,
2014-03-28, 23.70, 24.15, 23.15, 23.53, 943600, 23.53,,
2014-03-27, 22.86, 24.25, 22.35, 23.73, 1022600, 23.73,,
2014-03-26, 24.24, 24.38, 22.49, 22.99, 1087500, 22.99,,
2014-03-25, 24.80, 25.35, 23.70, 23.96, 810100, 23.96,,
2014-03-24, 26.63, 27.00, 23.52, 24.54, 1482900, 24.54,,
2014-03-21, 28.34, 28.45, 26.54, 26.60, 1721900, 26.60,,
2014-03-20, 28.49, 29.00, 27.70, 27.94, 485200, 27.94,,
2014-03-19, 28.20, 28.96, 27.51, 28.67, 903900, 28.67,,
2014-03-18, 27.95, 28.31, 27.30, 28.15, 759800, 28.15,,
2014-03-17, 27.38, 27.85, 26.99, 27.38, 724100, 27.38,,
2014-03-14, 26.76, 27.29, 26.14, 27.12, 773400, 27.12,,
2014-03-13, 28.56, 28.61, 26.68, 26.94, 1089100, 26.94,,
2014-03-12, 26.98, 28.95, 26.93, 28.60, 1156700, 28.60,,
2014-03-11, 27.22, 28.00, 26.60, 26.79, 890400, 26.79,,
2014-03-10, 27.40, 28.00, 26.80, 27.29, 855900, 27.29,,
2014-03-07, 29.11, 29.78, 27.27, 27.59, 1831100, 27.59,,
2014-03-06, 30.30, 30.62, 28.82, 29.01, 999400, 29.01,,
2014-03-05, 29.55, 30.37, 29.41, 30.29, 1147700, 30.29,,
2014-03-04, 28.83, 29.75, 28.50, 29.62, 1030400, 29.62,,
2014-03-03, 28.48, 29.38, 28.13, 28.36, 1217200, 28.36,,
2014-02-28, 29.73, 30.81, 28.23, 29.03, 1416500, 29.03,,
2014-02-27, 29.88, 29.91, 27.60, 29.86, 2198800, 29.86,,
2014-02-26, 30.46, 30.65, 29.06, 29.45, 1637400, 29.45,,
2014-02-25, 30.35, 31.13, 29.02, 30.18, 1676000, 30.18,,
2014-02-24, 28.70, 31.28, 28.50, 30.05, 2877100, 30.05,,
2014-02-21, 27.70, 28.73, 27.24, 27.92, 2192300, 27.92,,
2014-02-20, 26.66, 27.61, 26.29, 27.56, 937800, 27.56,,
2014-02-19, 27.00, 27.13, 26.50, 26.66, 616800, 26.66,,
2014-02-18, 26.29, 27.28, 26.24, 26.97, 1354200, 26.97,,
2014-02-14, 26.61, 27.24, 26.16, 26.16, 815500, 26.16,,
2014-02-13, 25.99, 26.90, 25.82, 26.60, 894400, 26.60,,
2014-02-12, 26.51, 26.79, 25.77, 26.38, 709100, 26.38,,
2014-02-11, 26.09, 27.00, 25.98, 26.58, 1283500, 26.58,,
2014-02-10, 26.69, 26.80, 25.50, 25.99, 1108300, 25.99,,
2014-02-07, 24.80, 26.32, 24.80, 25.86, 1778400, 25.86,,
2014-02-06, 25.82, 25.89, 24.38, 24.60, 1637500, 24.60,,
2014-02-05, 23.80, 25.30, 22.95, 25.13, 2785700, 25.13,,
2014-02-04, 22.87, 23.76, 22.76, 22.96, 972400, 22.96,,
2014-02-03, 24.16, 24.49, 22.60, 22.83, 1612800, 22.83,,
2014-01-31, 24.52, 25.36, 24.16, 24.38, 937600, 24.38,,
2014-01-30, 24.94, 25.55, 24.37, 25.01, 762800, 25.01,,
2014-01-29, 24.98, 25.24, 23.96, 24.28, 884600, 24.28,,
2014-01-28, 24.10, 25.30, 24.00, 25.15, 1123100, 25.15,,
2014-01-27, 24.65, 24.74, 22.90, 24.21, 2036800, 24.21,,
2014-01-24, 27.23, 27.49, 24.80, 25.44, 2146200, 25.44,,
2014-01-23, 27.23, 28.16, 26.65, 27.56, 1208400, 27.56,,
2014-01-22, 28.17, 28.22, 27.05, 27.36, 1242400, 27.36,,
2014-01-21, 28.39, 29.40, 27.60, 28.02, 4104400, 28.02,,
2014-01-17, 27.37, 28.50, 26.15, 26.78, 3421100, 26.78,,
2014-01-16, 23.01, 28.80, 22.62, 28.00, 14412500, 28.00,,
2014-01-15, 20.39, 20.50, 19.79, 19.98, 1550200, 19.98,,
2014-01-14, 20.00, 20.50, 19.63, 20.39, 1208000, 20.39,,
2014-01-13, 19.86, 21.28, 19.50, 20.08, 2305300, 20.08,,
2014-01-10, 19.33, 20.02, 19.05, 19.43, 1498200, 19.43,,
2014-01-09, 18.49, 19.35, 18.25, 19.24, 1530300, 19.24,,
2014-01-08, 17.69, 18.50, 17.50, 18.35, 1655200, 18.35,,
2014-01-07, 18.76, 18.91, 17.83, 17.91, 1680000, 17.91,,
2014-01-06, 19.21, 19.60, 17.76, 18.77, 4226000, 18.77,,
2014-01-03, 20.56, 20.75, 20.25, 20.44, 917200, 20.44,,
2014-01-02, 20.26, 20.90, 20.01, 20.58, 851300, 20.58,,
2013-12-31, 20.93, 21.06, 20.23, 20.37, 1553200, 20.37,,
2013-12-30, 20.19, 21.48, 19.92, 20.78, 2253700, 20.78,,
2013-12-27, 20.08, 20.08, 19.52, 19.80, 666000, 19.80,,
2013-12-26, 20.62, 20.62, 19.69, 20.00, 1110800, 20.00,,
2013-12-24, 19.91, 20.18, 19.66, 20.01, 528500, 20.01,,
2013-12-23, 20.50, 20.87, 19.25, 19.97, 1788600, 19.97,,
2013-12-20, 18.55, 19.71, 18.47, 19.55, 2918200, 19.55,,
2013-12-19, 18.56, 19.06, 18.21, 18.46, 1366300, 18.46,,
2013-12-18, 18.99, 19.79, 18.74, 18.82, 1616500, 18.82,,
2013-12-17, 19.00, 19.04, 18.05, 18.99, 1557600, 18.99,,
2013-12-16, 19.76, 19.96, 18.92, 19.03, 1598000, 19.03,,
2013-12-13, 20.77, 20.98, 19.40, 19.73, 2114700, 19.73,,
2013-12-12, 18.69, 20.85, 18.25, 20.71, 7289100, 20.71,,
2013-12-11, 17.74, 18.00, 17.29, 17.41, 972500, 17.41,,
2013-12-10, 17.88, 18.11, 17.60, 17.79, 730000, 17.79,,
2013-12-09, 18.42, 18.69, 17.51, 17.86, 1345700, 17.86,,
2013-12-06, 18.31, 18.70, 17.80, 18.07, 1595400, 18.07,,
2013-12-05, 18.71, 19.26, 18.70, 18.98, 1019700, 18.98,,
2013-12-04, 18.10, 18.73, 18.00, 18.70, 1458200, 18.70,,
2013-12-03, 17.50, 18.45, 17.22, 18.20, 1599200, 18.20,,
2013-12-02, 18.80, 19.17, 17.85, 18.35, 2155400, 18.35,,
2013-11-29, 17.61, 19.39, 17.61, 18.64, 1918100, 18.64,,
2013-11-27, 17.80, 17.93, 17.00, 17.58, 2058400, 17.58,,
2013-11-26, 17.20, 18.32, 17.06, 17.79, 4143200, 17.79,,
2013-11-25, 15.79, 16.68, 15.69, 16.51, 2182500, 16.51,,
2013-11-22, 15.50, 15.88, 15.36, 15.63, 1457800, 15.63,,
2013-11-21, 15.13, 15.50, 14.90, 15.44, 1792200, 15.44,,
2013-11-20, 15.04, 15.49, 14.83, 14.97, 1700300, 14.97,,
2013-11-19, 14.88, 15.23, 14.50, 15.05, 2701300, 15.05,,
2013-11-18, 14.71, 15.57, 14.35, 14.79, 6058900, 14.79,,
2013-11-15, 14.57, 14.68, 13.76, 14.37, 5314900, 14.37,,
2013-11-14, 12.84, 14.53, 12.61, 14.41, 8621700, 14.41,,
2013-11-13, 13.11, 13.19, 12.12, 12.89, 10318500, 12.89,,
2013-11-12, 16.18, 16.70, 12.35, 13.16, 38507300, 13.16,,
2013-11-11, 36.46, 37.80, 36.10, 36.56, 1365100, 36.56,,
2013-11-08, 35.16, 36.57, 34.60, 36.00, 1080000, 36.00,,
2013-11-07, 36.79, 37.46, 34.30, 34.59, 1799900, 34.59,,
2013-11-06, 38.17, 39.25, 36.05, 36.57, 2033100, 36.57,,
2013-11-05, 37.71, 39.04, 37.37, 38.25, 832000, 38.25,,
2013-11-04, 38.36, 39.46, 37.30, 37.93, 1411900, 37.93,,
2013-11-01, 38.76, 39.00, 36.85, 37.52, 1672100, 37.52,,
2013-10-31, 38.91, 40.12, 38.25, 38.92, 1184000, 38.92,,
2013-10-30, 40.75, 41.66, 38.04, 38.63, 2861600, 38.63,,
2013-10-29, 42.27, 42.70, 40.86, 41.89, 1774300, 41.89,,
2013-10-28, 42.76, 43.44, 41.50, 42.34, 843300, 42.34,,
2013-10-25, 43.31, 44.03, 42.42, 42.78, 804100, 42.78,,
2013-10-24, 42.40, 44.29, 42.35, 43.16, 1285900, 43.16,,
2013-10-23, 41.57, 42.80, 40.13, 42.29, 1780700, 42.29,,
2013-10-22, 41.49, 42.54, 39.83, 41.64, 1550200, 41.64,,
2013-10-21, 42.98, 43.71, 41.32, 41.49, 1958400, 41.49,,
2013-10-18, 46.07, 46.27, 42.42, 43.02, 2720100, 43.02,,
2013-10-17, 47.53, 47.60, 45.34, 46.05, 1428800, 46.05,,
2013-10-16, 45.44, 48.32, 45.40, 47.22, 1280600, 47.22,,
2013-10-15, 45.11, 46.60, 44.76, 45.13, 1222400, 45.13,,
2013-10-14, 46.00, 46.23, 44.43, 45.12, 1942100, 45.12,,
2013-10-11, 47.19, 48.72, 46.07, 46.65, 1743400, 46.65,,
2013-10-10, 45.61, 48.39, 44.56, 47.18, 2888700, 47.18,,
2013-10-09, 49.86, 50.31, 43.60, 44.42, 4671900, 44.42,,
2013-10-08, 54.60, 55.48, 49.40, 50.05, 2907600, 50.05,,
2013-10-07, 52.72, 55.61, 52.28, 53.81, 2688900, 53.81,,
2013-10-04, 50.79, 54.42, 50.71, 53.48, 3290500, 53.48,,
2013-10-03, 48.61, 52.20, 48.32, 50.68, 3251800, 50.68,,
2013-10-02, 47.17, 48.46, 46.64, 48.03, 1244600, 48.03,,
2013-10-01, 47.34, 47.76, 46.87, 47.52, 1213900, 47.52,,
2013-09-30, 46.14, 48.26, 45.73, 47.23, 1262300, 47.23,,
2013-09-27, 46.50, 47.75, 46.25, 46.79, 899000, 46.79,,
2013-09-26, 44.95, 47.67, 43.64, 46.52, 2697600, 46.52,,
2013-09-25, 47.50, 49.61, 46.05, 46.44, 2332600, 46.44,,
2013-09-24, 47.80, 48.78, 46.63, 47.61, 2693700, 47.61,,
2013-09-23, 43.41, 49.19, 43.40, 47.97, 6580100, 47.97,,
2013-09-20, 37.79, 46.16, 36.07, 43.30, 15737700, 43.30,,
2013-09-19, 36.99, 37.42, 36.17, 36.69, 1514200, 36.69,,
2013-09-18, 37.70, 37.70, 36.44, 36.86, 918000, 36.86,,
2013-09-17, 36.25, 37.15, 35.92, 37.02, 796400, 37.02,,
2013-09-16, 37.60, 38.54, 36.08, 36.36, 1593800, 36.36,,
2013-09-13, 36.78, 38.16, 36.70, 37.21, 1788700, 37.21,,
2013-09-12, 36.16, 37.30, 35.31, 36.72, 917800, 36.72,,
2013-09-11, 36.80, 37.05, 36.16, 36.29, 580400, 36.29,,
2013-09-10, 37.17, 37.30, 36.40, 36.98, 620100, 36.98,,
2013-09-09, 36.68, 37.36, 36.30, 36.98, 819700, 36.98,,
2013-09-06, 36.87, 37.48, 36.16, 36.72, 1001100, 36.72,,
2013-09-05, 36.31, 36.73, 35.90, 36.42, 583500, 36.42,,
2013-09-04, 35.58, 36.50, 35.32, 36.31, 825600, 36.31,,
2013-09-03, 34.49, 35.64, 34.45, 35.50, 957400, 35.50,,
2013-08-30, 34.50, 34.75, 33.53, 34.13, 924300, 34.13,,
2013-08-29, 34.66, 35.37, 33.86, 34.33, 1014100, 34.33,,
2013-08-28, 33.99, 34.94, 33.99, 34.64, 770200, 34.64,,
2013-08-27, 34.47, 35.49, 33.81, 33.97, 1442300, 33.97,,
2013-08-26, 33.80, 35.33, 33.80, 35.05, 1389400, 35.05,,
2013-08-23, 32.49, 33.72, 32.47, 33.65, 1061500, 33.65,,
2013-08-22, 32.55, 33.15, 32.15, 32.39, 378000, 32.39,,
2013-08-21, 32.30, 32.94, 31.80, 32.45, 808800, 32.45,,
2013-08-20, 31.10, 33.04, 30.91, 32.30, 2112100, 32.30,,
2013-08-19, 32.89, 33.17, 29.71, 30.91, 4452900, 30.91,,
2013-08-16, 33.60, 34.71, 32.45, 33.08, 3065700, 33.08,,
2013-08-15, 32.27, 33.05, 31.87, 32.04, 1145900, 32.04,,
2013-08-14, 31.44, 33.07, 31.08, 32.63, 1980300, 32.63,,
2013-08-13, 32.90, 32.96, 31.25, 31.54, 2529700, 31.54,,
2013-08-12, 34.83, 35.00, 32.50, 32.58, 1872300, 32.58,,
2013-08-09, 36.64, 36.89, 34.85, 34.94, 1445800, 34.94,,
2013-08-08, 36.82, 38.24, 36.72, 36.85, 940000, 36.85,,
2013-08-07, 37.93, 38.05, 36.35, 36.87, 1162400, 36.87,,
2013-08-06, 38.21, 38.48, 37.34, 38.07, 819600, 38.07,,
2013-08-05, 38.99, 39.12, 37.85, 38.15, 1147900, 38.15,,
2013-08-02, 37.68, 38.70, 37.19, 38.13, 1016100, 38.13,,
2013-08-01, 37.47, 38.00, 36.89, 37.50, 1123200, 37.50,,
2013-07-31, 35.14, 37.75, 35.10, 36.98, 1590200, 36.98,,
2013-07-30, 35.04, 35.88, 34.20, 35.21, 1652400, 35.21,,
2013-07-29, 36.99, 37.47, 35.02, 35.11, 1729400, 35.11,,
2013-07-26, 36.76, 37.77, 36.54, 36.96, 1629800, 36.96,,
2013-07-25, 37.00, 37.36, 35.33, 36.90, 5171600, 36.90,,
2013-07-24, 45.00, 46.36, 37.06, 37.68, 13877100, 37.68,,
2013-07-23, 46.52, 47.00, 45.26, 46.43, 1183500, 46.43,,
2013-07-22, 44.55, 47.35, 44.19, 46.35, 1926300, 46.35,,
2013-07-19, 43.88, 44.68, 43.44, 44.35, 1078900, 44.35,,
2013-07-18, 44.02, 44.60, 43.38, 43.94, 838300, 43.94,,
2013-07-17, 43.61, 44.44, 42.91, 43.91, 912000, 43.91,,
2013-07-16, 44.61, 45.46, 43.30, 43.93, 1160500, 43.93,,
2013-07-15, 44.50, 44.79, 43.40, 44.61, 825500, 44.61,,
2013-07-12, 43.49, 44.67, 43.35, 44.33, 799300, 44.33,,
2013-07-11, 43.95, 44.09, 42.91, 43.59, 953800, 43.59,,
2013-07-10, 42.25, 43.70, 42.01, 43.35, 1058900, 43.35,,
2013-07-09, 42.98, 43.17, 41.59, 42.34, 853000, 42.34,,
2013-07-08, 40.97, 42.69, 40.62, 42.55, 1599400, 42.55,,
2013-07-05, 39.34, 40.73, 38.86, 40.67, 1245500, 40.67,,
2013-07-03, 39.25, 39.79, 39.00, 39.61, 428200, 39.61,,
2013-07-02, 38.43, 39.43, 38.13, 39.37, 734700, 39.37,,
2013-07-01, 38.32, 39.90, 37.80, 38.58, 1682200, 38.58,,
2013-06-28, 38.12, 38.60, 37.60, 38.04, 5962200, 38.04,,
2013-06-27, 39.87, 39.95, 37.25, 38.12, 3345400, 38.12,,
2013-06-26, 39.95, 40.48, 39.11, 39.73, 1498900, 39.73,,
2013-06-25, 38.79, 39.90, 38.60, 39.73, 1496500, 39.73,,
2013-06-24, 37.74, 38.99, 36.25, 38.56, 1567200, 38.56,,
2013-06-21, 39.59, 40.10, 37.11, 38.11, 2237700, 38.11,,
2013-06-20, 39.65, 40.39, 38.52, 39.51, 1924200, 39.51,,
2013-06-19, 40.51, 41.25, 39.02, 39.78, 3238200, 39.78,,
2013-06-18, 37.70, 38.46, 36.95, 38.15, 856700, 38.15,,
2013-06-17, 38.60, 38.81, 37.59, 37.76, 744300, 37.76,,
2013-06-14, 37.70, 39.00, 37.26, 38.49, 736000, 38.49,,
2013-06-13, 37.26, 38.77, 36.91, 38.48, 760200, 38.48,,
2013-06-12, 38.90, 39.28, 37.05, 37.33, 978700, 37.33,,
2013-06-11, 37.72, 39.00, 36.80, 38.67, 684900, 38.67,,
2013-06-10, 37.99, 39.23, 37.25, 37.83, 914700, 37.83,,
2013-06-07, 36.67, 37.90, 36.59, 37.84, 949400, 37.84,,
2013-06-06, 35.10, 36.65, 34.90, 36.47, 929700, 36.47,,
2013-06-05, 34.59, 35.97, 33.62, 35.32, 1115700, 35.32,,
2013-06-04, 35.90, 36.17, 34.41, 34.92, 969000, 34.92,,
2013-06-03, 35.19, 35.99, 34.10, 35.95, 1232800, 35.95,,
2013-05-31, 36.40, 37.58, 35.28, 35.35, 1901500, 35.35,,
2013-05-30, 39.52, 40.56, 36.95, 37.78, 2588400, 37.78,,
2013-05-29, 38.54, 39.72, 38.39, 39.46, 696600, 39.46,,
2013-05-28, 38.75, 39.33, 38.00, 38.91, 1221500, 38.91,,
2013-05-24, 38.19, 38.85, 37.50, 37.82, 973700, 37.82,,
2013-05-23, 35.57, 38.33, 35.14, 37.94, 1294600, 37.94,,
2013-05-22, 36.76, 37.70, 35.54, 36.32, 1275500, 36.32,,
2013-05-21, 37.01, 37.41, 35.27, 36.65, 1035200, 36.65,,
2013-05-20, 37.02, 37.80, 36.90, 37.13, 1160500, 37.13,,
2013-05-17, 35.51, 37.11, 35.14, 36.91, 1378100, 36.91,,
2013-05-16, 34.81, 35.70, 33.99, 35.51, 1188100, 35.51,,
2013-05-15, 35.18, 35.28, 34.30, 34.93, 650700, 34.93,,
2013-05-14, 35.20, 35.47, 34.42, 35.12, 908600, 35.12,,
2013-05-13, 33.62, 35.03, 33.31, 34.62, 1262000, 34.62,,
2013-05-10, 32.82, 33.83, 32.01, 33.80, 1439300, 33.80,,
2013-05-09, 32.05, 34.34, 32.00, 33.08, 2269100, 33.08,,
2013-05-08, 31.64, 31.65, 30.19, 31.41, 1153400, 31.41,,
2013-05-07, 31.81, 32.20, 31.05, 31.22, 1001700, 31.22,,
2013-05-06, 31.73, 32.24, 31.10, 31.87, 1200600, 31.87,,
2013-05-03, 32.98, 33.27, 31.28, 31.53, 2036400, 31.53,,
2013-05-02, 31.06, 33.26, 31.06, 32.59, 2537500, 32.59,,
2013-05-01, 30.32, 31.40, 30.00, 31.15, 2461100, 31.15,,
2013-04-30, 30.15, 30.26, 28.90, 29.04, 2088500, 29.04,,
2013-04-29, 29.90, 30.68, 29.37, 29.94, 1592200, 29.94,,
2013-04-26, 30.15, 30.99, 29.73, 29.80, 1236800, 29.80,,
2013-04-25, 30.22, 31.12, 29.75, 30.30, 2067800, 30.30,,
2013-04-24, 30.92, 30.92, 29.53, 30.19, 2220100, 30.19,,
2013-04-23, 32.55, 32.75, 30.77, 30.92, 3338200, 30.92,,
2013-04-22, 33.90, 33.94, 31.62, 32.52, 2425800, 32.52,,
2013-04-19, 33.80, 34.72, 32.78, 32.86, 1728000, 32.86,,
2013-04-18, 35.24, 35.50, 33.33, 33.75, 1461700, 33.75,,
2013-04-17, 33.94, 35.59, 33.16, 35.13, 2145700, 35.13,,
2013-04-16, 34.65, 34.94, 33.06, 33.99, 6812100, 33.99,,
2013-04-15, 40.14, 40.71, 38.86, 39.24, 3258000, 39.24,,
2013-04-12, 39.03, 40.35, 38.54, 40.21, 1453600, 40.21,,
2013-04-11, 39.02, 40.61, 37.26, 39.33, 3081600, 39.33,,
2013-04-10, 40.21, 40.25, 38.30, 38.85, 2959800, 38.85,,
2013-04-09, 36.28, 42.20, 35.72, 39.85, 5922100, 39.85,,
2013-04-08, 37.06, 37.10, 34.88, 35.85, 2387600, 35.85,,
2013-04-05, 34.69, 36.94, 34.25, 36.21, 3558800, 36.21,,
2013-04-04, 34.82, 36.09, 34.14, 34.43, 1730900, 34.43,,
2013-04-03, 36.84, 36.99, 32.80, 34.05, 2189800, 34.05,,
2013-04-02, 36.05, 36.71, 35.27, 36.65, 1381600, 36.65,,
2013-04-01, 36.79, 37.48, 35.30, 35.79, 1391200, 35.79,,
2013-03-28, 36.42, 37.70, 36.42, 36.95, 1780200, 36.95,,
2013-03-27, 35.80, 36.52, 34.95, 36.27, 1506400, 36.27,,
2013-03-26, 34.77, 36.55, 34.47, 36.12, 2333800, 36.12,,
2013-03-25, 33.74, 34.74, 33.21, 34.66, 2037000, 34.66,,
2013-03-22, 33.60, 33.81, 32.19, 32.77, 1012700, 32.77,,
2013-03-21, 32.99, 33.95, 32.80, 33.56, 1203400, 33.56,,
2013-03-20, 33.50, 34.00, 32.65, 32.77, 1427200, 32.77,,
2013-03-19, 34.60, 34.94, 32.50, 33.09, 2111800, 33.09,,
2013-03-18, 32.00, 33.60, 31.90, 33.03, 1654400, 33.03,,
2013-03-15, 33.75, 33.99, 32.09, 32.25, 2213300, 32.25,,
2013-03-14, 31.33, 34.39, 31.04, 33.44, 4168300, 33.44,,
2013-03-13, 30.52, 31.32, 30.30, 31.07, 1176900, 31.07,,
2013-03-12, 30.30, 30.67, 29.61, 30.62, 760200, 30.62,,
2013-03-11, 30.43, 30.60, 29.92, 30.31, 753200, 30.31,,
2013-03-08, 30.29, 31.07, 29.81, 30.43, 1680000, 30.43,,
2013-03-07, 30.18, 31.70, 29.53, 30.21, 2424400, 30.21,,
2013-03-06, 30.80, 31.74, 30.27, 31.31, 1728100, 31.31,,
2013-03-05, 30.74, 31.73, 29.60, 30.43, 2297100, 30.43,,
2013-03-04, 30.37, 30.92, 28.35, 30.07, 2318000, 30.07,,
2013-03-01, 28.88, 30.00, 28.35, 29.59, 1957500, 29.59,,
2013-02-28, 31.57, 32.00, 29.02, 29.30, 2155200, 29.30,,
2013-02-27, 29.18, 32.40, 28.96, 31.51, 3849100, 31.51,,
2013-02-26, 28.61, 29.75, 28.53, 29.03, 1192200, 29.03,,
2013-02-25, 27.85, 29.07, 27.70, 28.52, 989100, 28.52,,
2013-02-22, 27.51, 27.89, 27.09, 27.83, 674300, 27.83,,
2013-02-21, 27.96, 28.55, 26.88, 27.61, 1365200, 27.61,,
2013-02-20, 27.43, 28.10, 27.00, 27.47, 951800, 27.47,,
2013-02-19, 26.44, 27.74, 26.32, 27.61, 1128300, 27.61,,
2013-02-15, 26.23, 27.08, 25.80, 26.30, 927800, 26.30,,
2013-02-14, 26.28, 27.23, 25.86, 26.13, 1233800, 26.13,,
2013-02-13, 27.16, 27.35, 26.50, 26.86, 705300, 26.86,,
2013-02-12, 27.66, 27.75, 26.84, 27.06, 751400, 27.06,,
2013-02-11, 27.94, 28.60, 27.11, 27.45, 1740000, 27.45,,
2013-02-08, 28.20, 29.15, 27.89, 28.91, 1055700, 28.91,,
2013-02-07, 27.81, 28.70, 27.34, 28.04, 1177200, 28.04,,
2013-02-06, 27.78, 28.25, 27.57, 28.05, 614900, 28.05,,
2013-02-05, 27.56, 28.09, 27.20, 27.88, 492100, 27.88,,
2013-02-04, 27.46, 28.50, 27.09, 27.51, 642200, 27.51,,
2013-02-01, 27.42, 28.35, 27.13, 27.60, 831500, 27.60,,
2013-01-31, 27.36, 27.61, 26.10, 27.05, 838100, 27.05,,
2013-01-30, 26.93, 29.30, 24.50, 27.14, 3718800, 27.14,,
2013-01-29, 27.06, 27.43, 26.66, 27.18, 575200, 27.18,,
2013-01-28, 28.03, 28.25, 26.80, 27.35, 1281200, 27.35,,
2013-01-25, 25.56, 28.00, 25.18, 27.91, 2351300, 27.91,,
2013-01-24, 24.41, 25.64, 24.25, 24.39, 907600, 24.39,,
2013-01-23, 24.48, 24.85, 24.26, 24.68, 692400, 24.68,,
2013-01-22, 24.18, 24.44, 23.46, 24.35, 802400, 24.35,,
2013-01-18, 23.99, 24.58, 23.85, 23.97, 802700, 23.97,,
2013-01-17, 24.85, 25.60, 23.88, 24.02, 1612300, 24.02,,
2013-01-16, 25.25, 25.59, 24.55, 24.70, 1076700, 24.70,,
2013-01-15, 25.00, 26.13, 24.70, 25.47, 658400, 25.47,,
2013-01-14, 25.94, 26.50, 25.10, 25.22, 802300, 25.22,,
2013-01-11, 26.41, 26.50, 24.80, 26.18, 1400000, 26.18,,
2013-01-10, 27.71, 27.90, 25.86, 26.19, 1212100, 26.19,,
2013-01-09, 28.57, 28.79, 26.94, 27.06, 1445800, 27.06,,
2013-01-08, 29.24, 29.49, 27.55, 28.28, 1046800, 28.28,,
2013-01-07, 29.05, 29.36, 28.50, 28.95, 626000, 28.95,,
2013-01-04, 28.41, 29.63, 27.50, 29.00, 1467500, 29.00,,
2013-01-03, 26.25, 29.12, 26.22, 28.14, 2272600, 28.14,,
2013-01-02, 27.18, 27.19, 25.87, 26.24, 822400, 26.24,,
2012-12-31, 23.79, 25.86, 23.79, 25.80, 1292900, 25.80,,
2012-12-28, 24.49, 24.90, 23.65, 23.79, 586600, 23.79,,
2012-12-27, 24.74, 25.07, 23.75, 24.54, 1569600, 24.54,,
2012-12-26, 25.19, 25.64, 24.67, 24.73, 379200, 24.73,,
2012-12-24, 24.80, 25.25, 24.61, 25.24, 361300, 25.24,,
2012-12-21, 24.50, 25.15, 24.11, 24.81, 2588600, 24.81,,
2012-12-20, 25.25, 25.35, 24.50, 24.71, 743400, 24.71,,
2012-12-19, 26.20, 26.25, 25.35, 25.35, 606400, 25.35,,
2012-12-18, 24.70, 26.15, 24.25, 26.10, 1320100, 26.10,,
2012-12-17, 25.41, 25.47, 24.22, 24.45, 2019800, 24.45,,
2012-12-14, 25.32, 25.89, 25.25, 25.26, 1557600, 25.26,,
2012-12-13, 26.58, 26.68, 25.20, 25.26, 4610300, 25.26,,
2012-12-12, 25.98, 26.16, 25.10, 25.44, 730600, 25.44,,
2012-12-11, 26.33, 26.50, 25.81, 25.92, 520300, 25.92,,
2012-12-10, 25.25, 26.62, 25.00, 26.25, 937900, 26.25,,
2012-12-07, 26.18, 27.88, 25.22, 25.32, 3678800, 25.32,,
2012-12-06, 27.04, 29.40, 26.62, 27.48, 1173900, 27.48,,
2012-12-05, 29.33, 29.52, 27.47, 27.58, 859600, 27.58,,
2012-12-04, 29.90, 30.39, 28.93, 29.17, 732000, 29.17,,
2012-12-03, 29.50, 30.00, 28.85, 29.90, 819100, 29.90,,
2012-11-30, 29.18, 29.62, 28.85, 29.33, 650200, 29.33,,
2012-11-29, 30.64, 30.72, 29.17, 29.40, 1318000, 29.40,,
2012-11-28, 28.34, 31.13, 27.45, 30.21, 4396600, 30.21,,
2012-11-27, 31.52, 31.87, 28.65, 28.75, 2384100, 28.75,,
2012-11-26, 30.15, 31.44, 29.80, 31.01, 2188100, 31.01,,
2012-11-23, 29.25, 29.48, 28.47, 29.35, 1195400, 29.35,,
2012-11-21, 28.55, 29.48, 28.12, 28.33, 2943100, 28.33,,
2012-11-20, 26.89, 27.48, 26.47, 27.00, 950500, 27.00,,
2012-11-19, 26.45, 27.50, 25.98, 26.45, 1087500, 26.45,,
2012-11-16, 26.18, 26.18, 24.72, 25.83, 1212400, 25.83,,
2012-11-15, 25.50, 27.25, 25.25, 26.02, 1311900, 26.02,,
2012-11-14, 26.93, 27.23, 25.10, 25.28, 1766800, 25.28,,
2012-11-13, 26.58, 27.94, 26.35, 26.86, 2241900, 26.86,,
2012-11-12, 23.56, 27.18, 23.54, 27.13, 3967300, 27.13,,
2012-11-09, 22.02, 22.90, 21.86, 22.75, 645500, 22.75,,
2012-11-08, 22.55, 23.88, 22.22, 22.23, 1592300, 22.23,,
2012-11-07, 23.30, 23.83, 22.51, 22.61, 1311300, 22.61,,
2012-11-06, 24.39, 25.34, 23.65, 23.86, 1817900, 23.86,,
2012-11-05, 22.46, 24.72, 22.03, 23.85, 2013000, 23.85,,
2012-11-02, 23.24, 23.30, 21.95, 22.51, 942900, 22.51,,
2012-11-01, 21.61, 24.40, 21.33, 23.27, 1842900, 23.27,,
2012-10-31, 22.81, 22.86, 21.21, 21.33, 1018000, 21.33,,
2012-10-26, 23.34, 23.41, 22.25, 22.47, 896000, 22.47,,
2012-10-25, 24.50, 24.67, 22.81, 23.09, 1708300, 23.09,,
2012-10-24, 23.50, 24.99, 22.50, 24.25, 1952500, 24.25,,
2012-10-23, 23.95, 25.35, 23.15, 23.33, 1954900, 23.33,,
2012-10-22, 24.69, 24.90, 23.18, 24.13, 2585000, 24.13,,
2012-10-19, 26.58, 26.72, 24.32, 24.41, 2345000, 24.41,,
2012-10-18, 27.62, 28.15, 26.51, 26.53, 1546900, 26.53,,
2012-10-17, 28.01, 29.19, 27.54, 27.89, 2339000, 27.89,,
2012-10-16, 27.47, 28.69, 26.74, 28.15, 3208000, 28.15,,
2012-10-15, 28.80, 29.00, 25.57, 27.36, 6733500, 27.36,,
2012-10-12, 30.73, 31.15, 27.01, 27.11, 3628000, 27.11,,
2012-10-11, 32.19, 32.65, 30.64, 30.73, 2033100, 30.73,,
2012-10-10, 33.33, 34.55, 30.90, 31.71, 2023300, 31.71,,
2012-10-09, 32.83, 35.05, 32.27, 33.33, 2361800, 33.33,,
2012-10-08, 35.50, 35.57, 30.90, 32.85, 4180100, 32.85,,
2012-10-05, 36.83, 38.75, 33.87, 34.30, 6822000, 34.30,,
2012-10-04, 41.70, 44.90, 37.28, 37.92, 9395500, 37.92,,
2012-10-03, 31.73, 45.00, 29.26, 44.93, 27917000, 44.93,,
2012-10-02, 16.99, 17.12, 14.84, 14.99, 2678400, 14.99,,
2012-10-01, 15.98, 16.69, 15.95, 16.53, 2233900, 16.53,,
2012-09-28, 14.67, 15.60, 14.43, 15.53, 1501400, 15.53,,
2012-09-27, 14.32, 14.79, 14.27, 14.71, 896400, 14.71,,
2012-09-26, 14.35, 14.58, 14.01, 14.31, 704300, 14.31,,
2012-09-25, 14.50, 14.70, 13.99, 14.36, 1203500, 14.36,,
2012-09-24, 14.63, 15.38, 14.35, 14.44, 1827200, 14.44,,
2012-09-21, 14.69, 14.97, 14.44, 14.47, 1127400, 14.47,,
2012-09-20, 15.01, 15.16, 14.53, 14.74, 1010300, 14.74,,
2012-09-19, 15.69, 15.70, 14.84, 14.90, 1456200, 14.90,,
2012-09-18, 15.46, 16.25, 15.35, 15.86, 3495400, 15.86,,
2012-09-17, 13.97, 14.90, 13.96, 14.85, 2192300, 14.85,,
2012-09-14, 14.01, 14.17, 13.67, 13.93, 939300, 13.93,,
2012-09-13, 12.49, 14.15, 12.49, 13.94, 1711200, 13.94,,
2012-09-12, 14.26, 14.26, 12.91, 12.96, 1673300, 12.96,,
2012-09-11, 14.27, 14.27, 13.59, 13.61, 1249300, 13.61,,
2012-09-10, 15.10, 15.47, 14.23, 14.24, 1094700, 14.24,,
2012-09-07, 14.45, 15.04, 13.35, 14.94, 2367600, 14.94,,
2012-09-06, 15.64, 15.74, 14.49, 14.55, 1468400, 14.55,,
2012-09-05, 15.37, 16.44, 15.26, 15.54, 2328500, 15.54,,
2012-09-04, 16.00, 16.40, 14.25, 14.92, 3412200, 14.92,,
2012-08-31, 14.60, 16.32, 14.40, 15.82, 3382600, 15.82,,
2012-08-30, 14.10, 15.18, 14.05, 14.40, 4992300, 14.40,,
2012-08-29, 12.74, 12.89, 12.40, 12.60, 839200, 12.60,,
2012-08-28, 12.39, 12.96, 12.30, 12.45, 1955600, 12.45,,
2012-08-27, 11.68, 12.59, 11.65, 12.27, 3505400, 12.27,,
2012-08-24, 10.11, 10.86, 10.05, 10.78, 1137100, 10.78,,
2012-08-23, 10.25, 10.25, 9.99, 10.08, 323700, 10.08,,
2012-08-22, 10.17, 10.33, 9.95, 10.08, 476600, 10.08,,
2012-08-21, 10.18, 10.98, 9.98, 10.16, 1889200, 10.16,,
2012-08-20, 9.92, 10.26, 9.82, 10.14, 512400, 10.14,,
2012-08-17, 10.11, 10.50, 9.97, 10.07, 805800, 10.07,,
2012-08-16, 9.27, 10.50, 9.05, 10.15, 1662700, 10.15,,
2012-08-15, 9.00, 10.78, 8.82, 9.20, 3999800, 9.20,,
2012-08-14, 8.51, 8.53, 8.25, 8.42, 278400, 8.42,,
2012-08-13, 8.27, 8.57, 8.08, 8.49, 321300, 8.49,,
2012-08-10, 8.22, 8.40, 7.92, 8.27, 304500, 8.27,,
2012-08-09, 7.80, 8.10, 7.50, 8.05, 1025800, 8.05,,
2012-08-08, 8.45, 8.49, 7.76, 7.80, 643200, 7.80,,
2012-08-07, 8.24, 8.82, 8.20, 8.31, 440100, 8.31,,
2012-08-06, 8.50, 8.50, 7.97, 8.28, 981900, 8.28,,
2012-08-03, 8.92, 9.01, 8.65, 8.73, 515100, 8.73,,
2012-08-02, 9.18, 9.55, 8.50, 8.75, 969600, 8.75,,
2012-08-01, 9.19, 9.33, 8.71, 9.18, 1396900, 9.18,,
2012-07-31, 9.50, 9.53, 8.58, 9.07, 1475600, 9.07,,
2012-07-30, 8.82, 10.25, 8.61, 9.47, 4887800, 9.47,,
2012-07-27, 8.08, 8.59, 7.80, 8.46, 2120700, 8.46,,
2012-07-26, 7.96, 8.13, 7.28, 7.89, 1976600, 7.89,,
2012-07-25, 8.29, 8.47, 7.53, 7.72, 4445400, 7.72,,
2012-07-24, 7.36, 9.11, 7.03, 8.52, 16889000, 8.52,,
2012-07-23, 3.53, 3.61, 3.45, 3.46, 71400, 3.46,,
2012-07-20, 3.68, 3.74, 3.53, 3.61, 82500, 3.61,,
2012-07-19, 3.83, 4.02, 3.63, 3.69, 206700, 3.69,,
2012-07-18, 3.71, 3.74, 3.65, 3.67, 104100, 3.67,,
2012-07-17, 3.94, 4.03, 3.63, 3.82, 179100, 3.82,,
2012-07-16, 3.73, 3.92, 3.73, 3.92, 75000, 3.92,,
2012-07-13, 4.24, 4.24, 3.60, 3.83, 120300, 3.83,,
2012-07-12, 3.30, 4.22, 3.30, 4.13, 154900, 4.13,, 0.16666666666666666
2012-07-11, 0.65, 0.66, 0.63, 0.66, 11800, 3.96,,
2012-07-10, 0.66, 0.66, 0.63, 0.63, 87300, 3.78,,
2012-07-09, 0.65, 0.66, 0.63, 0.64, 91700, 3.84,,
2012-07-06, 0.62, 0.65, 0.62, 0.65, 55000, 3.90,,
2012-07-05, 0.63, 0.67, 0.61, 0.61, 123800, 3.66,,
2012-07-03, 0.61, 0.64, 0.61, 0.63, 60000, 3.78,,
2012-07-02, 0.61, 0.64, 0.60, 0.61, 191700, 3.66,,
2012-06-29, 0.64, 0.67, 0.63, 0.63, 87300, 3.78,,
2012-06-28, 0.67, 0.67, 0.63, 0.64, 67300, 3.84,,
2012-06-27, 0.69, 0.70, 0.63, 0.67, 77900, 4.02,,
2012-06-26, 0.62, 0.66, 0.62, 0.65, 140900, 3.90,,
2012-06-25, 0.63, 0.65, 0.61, 0.61, 195700, 3.66,,
2012-06-22, 0.69, 0.71, 0.62, 0.64, 3288500, 3.84,,
2012-06-21, 0.70, 0.72, 0.67, 0.68, 143300, 4.08,,
2012-06-20, 0.67, 0.73, 0.67, 0.69, 77000, 4.14,,
2012-06-19, 0.64, 0.75, 0.64, 0.67, 206900, 4.02,,
2012-06-18, 0.65, 0.70, 0.63, 0.67, 128700, 4.02,,
2012-06-15, 0.70, 0.70, 0.65, 0.66, 170600, 3.96,,
2012-06-14, 0.66, 0.70, 0.64, 0.70, 90200, 4.20,,
2012-06-13, 0.63, 0.67, 0.63, 0.66, 75300, 3.96,,
2012-06-12, 0.65, 0.66, 0.62, 0.63, 120200, 3.78,,
2012-06-11, 0.69, 0.69, 0.64, 0.64, 80400, 3.84,,
2012-06-08, 0.69, 0.75, 0.65, 0.69, 53200, 4.14,,
2012-06-07, 0.74, 0.82, 0.68, 0.70, 104500, 4.20,,
2012-06-06, 0.65, 0.73, 0.65, 0.73, 115300, 4.38,,
2012-06-05, 0.64, 0.67, 0.60, 0.65, 105400, 3.90,,
2012-06-04, 0.61, 0.67, 0.61, 0.66, 77600, 3.96,,
2012-06-01, 0.63, 0.65, 0.61, 0.62, 97500, 3.72,,
2012-05-31, 0.68, 0.69, 0.61, 0.65, 69000, 3.90,,
2012-05-30, 0.71, 0.71, 0.67, 0.68, 54400, 4.08,,
2012-05-29, 0.69, 0.76, 0.69, 0.72, 78000, 4.32,,
2012-05-25, 0.73, 0.76, 0.71, 0.72, 44500, 4.32,,
2012-05-24, 0.78, 0.78, 0.67, 0.73, 105200, 4.38,,
2012-05-23, 0.68, 0.77, 0.65, 0.76, 114100, 4.56,,
2012-05-22, 0.67, 0.70, 0.67, 0.69, 120000, 4.14,,
2012-05-21, 0.61, 0.68, 0.61, 0.67, 175400, 4.02,,
2012-05-18, 0.67, 0.67, 0.58, 0.61, 199300, 3.66,,
2012-05-17, 0.70, 0.72, 0.67, 0.67, 146400, 4.02,,
2012-05-16, 0.75, 0.78, 0.71, 0.72, 89700, 4.32,,
2012-05-15, 0.75, 0.80, 0.74, 0.75, 102900, 4.50,,
2012-05-14, 0.76, 0.77, 0.74, 0.76, 91600, 4.56,,
2012-05-11, 0.82, 0.84, 0.76, 0.77, 162900, 4.62,,
2012-05-10, 0.80, 0.85, 0.79, 0.84, 87600, 5.04,,
2012-05-09, 0.81, 0.81, 0.78, 0.79, 99500, 4.74,,
2012-05-08, 0.76, 0.82, 0.75, 0.82, 198400, 4.92,,
2012-05-07, 0.84, 0.84, 0.76, 0.76, 197000, 4.56,,
2012-05-04, 0.85, 0.87, 0.83, 0.83, 107800, 4.98,,
2012-05-03, 0.88, 0.89, 0.85, 0.85, 191900, 5.10,,
2012-05-02, 0.84, 0.85, 0.83, 0.83, 122100, 4.98,,
2012-05-01, 0.83, 0.87, 0.83, 0.84, 112900, 5.04,,
2012-04-30, 0.85, 0.88, 0.83, 0.83, 156100, 4.98,,
2012-04-27, 0.87, 0.89, 0.83, 0.83, 113700, 4.98,,
2012-04-26, 0.88, 0.91, 0.86, 0.87, 107600, 5.22,,
2012-04-25, 0.90, 0.90, 0.86, 0.88, 238400, 5.28,,
2012-04-24, 0.88, 0.90, 0.87, 0.90, 114100, 5.40,,
2012-04-23, 0.89, 0.90, 0.86, 0.88, 127600, 5.28,,
2012-04-20, 0.97, 0.97, 0.87, 0.88, 153300, 5.28,,
2012-04-19, 0.90, 0.95, 0.90, 0.93, 107800, 5.58,,
2012-04-18, 0.89, 0.91, 0.86, 0.89, 168300, 5.34,,
2012-04-17, 1.03, 1.04, 0.90, 0.90, 372800, 5.40,,
2012-04-16, 1.04, 1.09, 0.98, 1.04, 233500, 6.24,,
2012-04-13, 1.04, 1.05, 1.01, 1.04, 262000, 6.24,,
2012-04-12, 1.09, 1.11, 1.07, 1.10, 205500, 6.60,,
2012-04-11, 1.12, 1.14, 1.07, 1.07, 611300, 6.42,,
2012-04-10, 1.08, 1.12, 1.05, 1.06, 280300, 6.36,,
2012-04-09, 1.04, 1.10, 1.03, 1.08, 359400, 6.48,,
2012-04-05, 1.06, 1.09, 1.00, 1.01, 382900, 6.06,,
2012-04-04, 1.12, 1.14, 1.05, 1.08, 279700, 6.48,,
2012-04-03, 1.11, 1.16, 1.09, 1.11, 349000, 6.66,,
2012-04-02, 1.26, 1.30, 1.06, 1.11, 2405300, 6.66,,
2012-03-30, 1.55, 1.55, 1.46, 1.54, 177400, 9.24,,
2012-03-29, 1.46, 1.51, 1.40, 1.51, 131300, 9.06,,
2012-03-28, 1.57, 1.58, 1.41, 1.46, 290700, 8.76,,
2012-03-27, 1.60, 1.64, 1.54, 1.58, 211900, 9.48,,
2012-03-26, 1.57, 1.64, 1.55, 1.60, 328000, 9.60,,
2012-03-23, 1.43, 1.56, 1.41, 1.54, 242300, 9.24,,
2012-03-22, 1.36, 1.47, 1.36, 1.43, 224100, 8.58,,
2012-03-21, 1.56, 1.56, 1.36, 1.44, 427700, 8.64,,
2012-03-20, 1.51, 1.54, 1.48, 1.54, 378900, 9.24,,
2012-03-19, 1.39, 1.50, 1.39, 1.49, 308500, 8.94,,
2012-03-16, 1.38, 1.44, 1.35, 1.38, 276500, 8.28,,
2012-03-15, 1.34, 1.37, 1.30, 1.36, 265400, 8.16,,
2012-03-14, 1.17, 1.35, 1.15, 1.32, 720600, 7.92,,
2012-03-13, 1.12, 1.18, 1.11, 1.16, 273100, 6.96,,
2012-03-12, 1.10, 1.14, 1.08, 1.10, 290600, 6.60,,
2012-03-09, 1.04, 1.08, 1.03, 1.07, 113100, 6.42,,
2012-03-08, 1.02, 1.04, 1.00, 1.04, 99600, 6.24,,
2012-03-07, 1.03, 1.04, 1.00, 1.02, 133900, 6.12,,
2012-03-06, 1.02, 1.04, 1.00, 1.03, 168800, 6.18,,
2012-03-05, 1.03, 1.06, 1.02, 1.05, 74600, 6.30,,
2012-03-02, 1.07, 1.11, 1.02, 1.02, 114200, 6.12,,
2012-03-01, 1.03, 1.07, 1.03, 1.03, 78000, 6.18,,
2012-02-29, 1.10, 1.13, 1.02, 1.04, 208400, 6.24,,
2012-02-28, 1.13, 1.20, 1.09, 1.09, 320900, 6.54,,
2012-02-27, 1.01, 1.08, 1.01, 1.08, 78700, 6.48,,
2012-02-24, 1.04, 1.05, 1.00, 1.01, 65500, 6.06,,
2012-02-23, 0.99, 1.04, 0.99, 1.04, 73500, 6.24,,
2012-02-22, 1.00, 1.07, 0.98, 0.99, 114700, 5.94,,
2012-02-21, 1.05, 1.06, 1.00, 1.00, 97600, 6.00,,
2012-02-17, 1.10, 1.11, 1.05, 1.06, 64900, 6.36,,
2012-02-16, 1.04, 1.09, 1.04, 1.09, 87700, 6.54,,
2012-02-15, 1.07, 1.13, 1.03, 1.04, 78800, 6.24,,
2012-02-14, 1.14, 1.15, 1.00, 1.06, 149100, 6.36,,
2012-02-13, 1.12, 1.14, 1.11, 1.14, 75900, 6.84,,
2012-02-10, 1.19, 1.19, 1.00, 1.11, 197100, 6.66,,
2012-02-09, 1.18, 1.23, 1.16, 1.20, 316100, 7.20,,
2012-02-08, 1.13, 1.16, 1.06, 1.15, 232900, 6.90,,
2012-02-07, 1.14, 1.17, 1.09, 1.11, 242600, 6.66,,
2012-02-06, 1.02, 1.11, 1.02, 1.10, 204100, 6.60,,
2012-02-03, 0.95, 1.02, 0.95, 1.00, 304900, 6.00,,
2012-02-02, 0.89, 0.95, 0.87, 0.94, 155000, 5.64,,
2012-02-01, 0.90, 0.94, 0.85, 0.90, 116800, 5.40,,
2012-01-31, 0.91, 0.91, 0.86, 0.90, 47200, 5.40,,
2012-01-30, 0.92, 0.99, 0.89, 0.90, 45800, 5.40,,
2012-01-27, 0.91, 0.95, 0.88, 0.92, 138800, 5.52,,
2012-01-26, 0.94, 0.95, 0.88, 0.91, 79000, 5.46,,
2012-01-25, 0.92, 0.92, 0.87, 0.92, 64700, 5.52,,
2012-01-24, 0.86, 0.88, 0.85, 0.88, 49500, 5.28,,
2012-01-23, 0.81, 0.91, 0.81, 0.86, 72300, 5.16,,
2012-01-20, 0.86, 0.87, 0.80, 0.82, 78100, 4.92,,
2012-01-19, 0.89, 0.90, 0.85, 0.86, 43800, 5.16,,
2012-01-18, 0.88, 0.92, 0.85, 0.89, 71700, 5.34,,
2012-01-17, 0.95, 0.99, 0.87, 0.88, 105900, 5.28,,
2012-01-13, 0.85, 0.95, 0.85, 0.94, 84200, 5.64,,
2012-01-12, 0.95, 0.95, 0.86, 0.91, 67100, 5.46,,
2012-01-11, 0.92, 0.93, 0.85, 0.93, 122000, 5.58,,
2012-01-10, 0.88, 0.97, 0.87, 0.92, 140500, 5.52,,
2012-01-09, 0.87, 0.91, 0.82, 0.87, 158500, 5.22,,
2012-01-06, 0.76, 0.87, 0.75, 0.82, 205700, 4.92,,
2012-01-05, 0.76, 0.77, 0.71, 0.76, 72300, 4.56,,
2012-01-04, 0.75, 0.76, 0.73, 0.75, 64700, 4.50,,
2012-01-03, 0.76, 0.76, 0.70, 0.74, 110800, 4.44,,
2011-12-30, 0.75, 0.76, 0.70, 0.75, 114000, 4.50,,
2011-12-29, 0.72, 0.77, 0.69, 0.76, 183400, 4.56,,
2011-12-28, 0.74, 0.77, 0.71, 0.71, 103000, 4.26,,
2011-12-27, 0.78, 0.81, 0.72, 0.75, 121900, 4.50,,
2011-12-23, 0.79, 0.83, 0.75, 0.77, 112500, 4.62,,
2011-12-22, 0.75, 0.82, 0.71, 0.77, 171500, 4.62,,
2011-12-21, 0.60, 0.75, 0.60, 0.74, 171400, 4.44,,
2011-12-20, 0.56, 0.63, 0.55, 0.60, 166100, 3.60,,
2011-12-19, 0.55, 0.59, 0.54, 0.54, 121000, 3.24,,
2011-12-16, 0.55, 0.61, 0.54, 0.56, 311900, 3.36,,
2011-12-15, 0.57, 0.60, 0.50, 0.55, 343700, 3.30,,
2011-12-14, 0.63, 0.63, 0.55, 0.57, 329700, 3.42,,
2011-12-13, 0.74, 0.78, 0.66, 0.66, 138000, 3.96,,
2011-12-12, 0.69, 0.74, 0.69, 0.73, 102200, 4.38,,
2011-12-09, 0.68, 0.72, 0.68, 0.71, 65600, 4.26,,
2011-12-08, 0.70, 0.72, 0.67, 0.68, 74100, 4.08,,
2011-12-07, 0.70, 0.71, 0.68, 0.70, 75300, 4.20,,
2011-12-06, 0.71, 0.74, 0.70, 0.71, 102400, 4.26,,
2011-12-05, 0.71, 0.71, 0.69, 0.71, 98700, 4.26,,
2011-12-02, 0.70, 0.73, 0.69, 0.69, 86300, 4.14,,
2011-12-01, 0.71, 0.74, 0.67, 0.68, 83400, 4.08,,
2011-11-30, 0.74, 0.74, 0.68, 0.73, 135300, 4.38,,
2011-11-29, 0.73, 0.75, 0.70, 0.70, 77200, 4.20,,
2011-11-28, 0.70, 0.74, 0.70, 0.72, 102200, 4.32,,
2011-11-25, 0.70, 0.72, 0.68, 0.68, 38900, 4.08,,
2011-11-23, 0.79, 0.79, 0.69, 0.70, 107700, 4.20,,
2011-11-22, 0.79, 0.84, 0.77, 0.77, 81800, 4.62,,
2011-11-21, 0.80, 0.85, 0.77, 0.79, 128700, 4.74,,
2011-11-18, 0.84, 0.88, 0.79, 0.81, 134000, 4.86,,
2011-11-17, 0.88, 0.90, 0.84, 0.85, 95700, 5.10,,
2011-11-16, 0.86, 0.91, 0.86, 0.88, 99100, 5.28,,
2011-11-15, 0.82, 0.88, 0.82, 0.87, 103200, 5.22,,
2011-11-14, 0.83, 0.86, 0.79, 0.80, 76200, 4.80,,
2011-11-11, 0.86, 0.86, 0.82, 0.85, 66900, 5.10,,
2011-11-10, 0.84, 0.85, 0.82, 0.85, 75600, 5.10,,
2011-11-09, 0.87, 0.90, 0.81, 0.83, 123900, 4.98,,
2011-11-08, 0.89, 0.92, 0.88, 0.89, 108700, 5.34,,
2011-11-07, 0.90, 0.92, 0.88, 0.88, 81200, 5.28,,
2011-11-04, 1.00, 1.00, 0.85, 0.90, 115000, 5.40,,
2011-11-03, 0.97, 0.98, 0.94, 0.98, 71100, 5.88,,
2011-11-02, 0.97, 0.98, 0.93, 0.96, 67800, 5.76,,
2011-11-01, 0.94, 0.97, 0.91, 0.92, 87000, 5.52,,
2011-10-31, 1.01, 1.02, 0.97, 0.98, 78500, 5.88,,
2011-10-28, 1.02, 1.02, 0.99, 1.01, 97100, 6.06,,
2011-10-27, 0.98, 1.03, 0.95, 1.03, 181700, 6.18,,
2011-10-26, 0.98, 0.98, 0.92, 0.95, 83600, 5.70,,
2011-10-25, 0.94, 0.96, 0.91, 0.93, 105700, 5.58,,
2011-10-24, 0.90, 0.95, 0.90, 0.95, 148200, 5.70,,
2011-10-21, 0.92, 0.93, 0.87, 0.90, 144900, 5.40,,
2011-10-20, 0.86, 0.88, 0.85, 0.86, 59100, 5.16,,
2011-10-19, 0.88, 0.90, 0.84, 0.85, 104600, 5.10,,
2011-10-18, 0.90, 0.90, 0.83, 0.89, 152000, 5.34,,
2011-10-17, 0.89, 0.92, 0.84, 0.85, 162400, 5.10,,
2011-10-14, 0.88, 0.94, 0.77, 0.90, 1244500, 5.40,,
2011-10-13, 1.10, 1.10, 1.02, 1.05, 96800, 6.30,,
2011-10-12, 1.10, 1.11, 1.06, 1.09, 92600, 6.54,,
2011-10-11, 1.01, 1.05, 0.98, 1.05, 105900, 6.30,,
2011-10-10, 1.00, 1.03, 0.94, 1.03, 175300, 6.18,,
2011-10-07, 1.04, 1.05, 0.97, 0.98, 232400, 5.88,,
2011-10-06, 1.04, 1.05, 0.98, 1.04, 180600, 6.24,,
2011-10-05, 1.03, 1.07, 1.00, 1.04, 170400, 6.24,,
2011-10-04, 0.96, 1.05, 0.90, 1.04, 251100, 6.24,,
2011-10-03, 1.10, 1.11, 0.96, 0.98, 244300, 5.88,,
2011-09-30, 1.07, 1.16, 1.07, 1.12, 165400, 6.72,,
2011-09-29, 1.08, 1.10, 1.06, 1.07, 166200, 6.42,,
2011-09-28, 1.12, 1.14, 1.05, 1.05, 218200, 6.30,,
2011-09-27, 1.16, 1.16, 1.09, 1.12, 258300, 6.72,,
2011-09-26, 1.16, 1.17, 1.10, 1.13, 150300, 6.78,,
2011-09-23, 1.12, 1.17, 1.11, 1.14, 115400, 6.84,,
2011-09-22, 1.12, 1.15, 1.10, 1.12, 380500, 6.72,,
2011-09-21, 1.20, 1.31, 1.15, 1.15, 295500, 6.90,,
2011-09-20, 1.27, 1.31, 1.20, 1.20, 209100, 7.20,,
2011-09-19, 1.30, 1.30, 1.23, 1.25, 233100, 7.50,,
2011-09-16, 1.25, 1.35, 1.22, 1.34, 362500, 8.04,,
2011-09-15, 1.22, 1.24, 1.19, 1.23, 127300, 7.38,,
2011-09-14, 1.19, 1.22, 1.17, 1.21, 173900, 7.26,,
2011-09-13, 1.19, 1.22, 1.16, 1.18, 193600, 7.08,,
2011-09-12, 1.18, 1.22, 1.12, 1.18, 208800, 7.08,,
2011-09-09, 1.21, 1.30, 1.17, 1.18, 333600, 7.08,,
2011-09-08, 1.20, 1.33, 1.20, 1.22, 612600, 7.32,,
2011-09-07, 1.10, 1.17, 1.10, 1.16, 206500, 6.96,,
2011-09-06, 1.05, 1.12, 1.04, 1.08, 160000, 6.48,,
2011-09-02, 1.14, 1.14, 1.02, 1.09, 334300, 6.54,,
2011-09-01, 1.23, 1.26, 1.16, 1.17, 208300, 7.02,,
2011-08-31, 1.27, 1.28, 1.18, 1.24, 205400, 7.44,,
2011-08-30, 1.20, 1.27, 1.17, 1.27, 175800, 7.62,,
2011-08-29, 1.19, 1.22, 1.16, 1.21, 155400, 7.26,,
2011-08-26, 1.10, 1.16, 1.05, 1.16, 206400, 6.96,,
2011-08-25, 1.17, 1.19, 1.08, 1.10, 107800, 6.60,,
2011-08-24, 1.17, 1.17, 1.07, 1.17, 111300, 7.02,,
2011-08-23, 1.10, 1.18, 1.07, 1.18, 178100, 7.08,,
2011-08-22, 1.11, 1.14, 1.07, 1.09, 174800, 6.54,,
2011-08-19, 1.15, 1.19, 1.06, 1.06, 268500, 6.36,,
2011-08-18, 1.22, 1.26, 1.16, 1.17, 316200, 7.02,,
2011-08-17, 1.22, 1.31, 1.21, 1.26, 134000, 7.56,,
2011-08-16, 1.27, 1.27, 1.18, 1.20, 126600, 7.20,,
2011-08-15, 1.19, 1.25, 1.18, 1.25, 117600, 7.50,,
2011-08-12, 1.18, 1.20, 1.15, 1.17, 143300, 7.02,,
2011-08-11, 1.12, 1.20, 1.12, 1.17, 161600, 7.02,,
2011-08-10, 1.22, 1.28, 1.11, 1.12, 160000, 6.72,,
2011-08-09, 1.16, 1.26, 1.11, 1.25, 207200, 7.50,,
2011-08-08, 1.15, 1.22, 1.15, 1.15, 353300, 6.90,,
2011-08-05, 1.26, 1.30, 1.17, 1.22, 213800, 7.32,,
2011-08-04, 1.32, 1.39, 1.25, 1.25, 243100, 7.50,,
2011-08-03, 1.40, 1.43, 1.30, 1.35, 233000, 8.10,,
2011-08-02, 1.44, 1.50, 1.40, 1.40, 152100, 8.40,,
2011-08-01, 1.49, 1.54, 1.44, 1.44, 95800, 8.64,,
2011-07-29, 1.46, 1.49, 1.40, 1.47, 95000, 8.82,,
2011-07-28, 1.47, 1.55, 1.44, 1.47, 110400, 8.82,,
2011-07-27, 1.55, 1.62, 1.45, 1.46, 203600, 8.76,,
2011-07-26, 1.62, 1.66, 1.56, 1.56, 77800, 9.36,,
2011-07-25, 1.63, 1.66, 1.57, 1.62, 157700, 9.72,,
2011-07-22, 1.64, 1.64, 1.60, 1.60, 135900, 9.60,,
2011-07-21, 1.64, 1.68, 1.61, 1.64, 169500, 9.84,,
2011-07-20, 1.60, 1.68, 1.58, 1.62, 191800, 9.72,,
2011-07-19, 1.60, 1.64, 1.56, 1.64, 184200, 9.84,,
2011-07-18, 1.59, 1.61, 1.56, 1.58, 111600, 9.48,,
2011-07-15, 1.62, 1.63, 1.60, 1.61, 84500, 9.66,,
2011-07-14, 1.63, 1.65, 1.60, 1.62, 75200, 9.72,,
2011-07-13, 1.60, 1.66, 1.59, 1.63, 111000, 9.78,,
2011-07-12, 1.61, 1.64, 1.55, 1.59, 180900, 9.54,,
2011-07-11, 1.63, 1.68, 1.55, 1.62, 142900, 9.72,,
2011-07-08, 1.61, 1.70, 1.55, 1.65, 195300, 9.90,,
2011-07-07, 1.61, 1.66, 1.60, 1.64, 174700, 9.84,,
2011-07-06, 1.49, 1.65, 1.48, 1.62, 312200, 9.72,,
2011-07-05, 1.45, 1.49, 1.43, 1.49, 118300, 8.94,,
2011-07-01, 1.44, 1.47, 1.43, 1.46, 83600, 8.76,,
2011-06-30, 1.44, 1.47, 1.43, 1.43, 99900, 8.58,,
2011-06-29, 1.45, 1.49, 1.43, 1.44, 135500, 8.64,,
2011-06-28, 1.39, 1.47, 1.38, 1.45, 187800, 8.70,,
2011-06-27, 1.40, 1.40, 1.36, 1.39, 113200, 8.34,,
2011-06-24, 1.38, 1.40, 1.35, 1.40, 221000, 8.40,,
2011-06-23, 1.38, 1.38, 1.35, 1.36, 153900, 8.16,,
2011-06-22, 1.41, 1.44, 1.38, 1.38, 144100, 8.28,,
2011-06-21, 1.36, 1.41, 1.36, 1.41, 128400, 8.46,,
2011-06-20, 1.39, 1.41, 1.35, 1.38, 111200, 8.28,,
2011-06-17, 1.39, 1.41, 1.36, 1.39, 189500, 8.34,,
2011-06-16, 1.41, 1.43, 1.36, 1.39, 196700, 8.34,,
2011-06-15, 1.40, 1.43, 1.35, 1.36, 141100, 8.16,,
2011-06-14, 1.36, 1.42, 1.36, 1.42, 166000, 8.52,,
2011-06-13, 1.35, 1.43, 1.33, 1.35, 205200, 8.10,,
2011-06-10, 1.41, 1.46, 1.35, 1.35, 313200, 8.10,,
2011-06-09, 1.56, 1.57, 1.40, 1.42, 723700, 8.52,,
2011-06-08, 1.60, 1.61, 1.54, 1.56, 140900, 9.36,,
2011-06-07, 1.57, 1.60, 1.56, 1.58, 100800, 9.48,,
2011-06-06, 1.67, 1.67, 1.55, 1.55, 146900, 9.30,,
2011-06-03, 1.63, 1.65, 1.60, 1.60, 104500, 9.60,,
2011-06-02, 1.56, 1.68, 1.56, 1.64, 233800, 9.84,,
2011-06-01, 1.61, 1.63, 1.55, 1.55, 131000, 9.30,,
2011-05-31, 1.63, 1.66, 1.59, 1.61, 146800, 9.66,,
2011-05-27, 1.62, 1.65, 1.60, 1.60, 112500, 9.60,,
2011-05-26, 1.62, 1.63, 1.59, 1.62, 87800, 9.72,,
2011-05-25, 1.57, 1.62, 1.57, 1.59, 161400, 9.54,,
2011-05-24, 1.63, 1.68, 1.56, 1.57, 187900, 9.42,,
2011-05-23, 1.64, 1.69, 1.63, 1.63, 233300, 9.78,,
2011-05-20, 1.72, 1.75, 1.65, 1.65, 172000, 9.90,,
2011-05-19, 1.73, 1.76, 1.71, 1.73, 158400, 10.38,,
2011-05-18, 1.75, 1.76, 1.71, 1.73, 125200, 10.38,,
2011-05-17, 1.76, 1.80, 1.72, 1.74, 155200, 10.44,,
2011-05-16, 1.79, 1.82, 1.75, 1.76, 164100, 10.56,,
2011-05-13, 1.87, 1.87, 1.79, 1.82, 182200, 10.92,,
2011-05-12, 1.83, 1.87, 1.77, 1.87, 216600, 11.22,,
2011-05-11, 1.85, 1.86, 1.83, 1.85, 199700, 11.10,,
2011-05-10, 1.82, 1.88, 1.82, 1.86, 261500, 11.16,,
2011-05-09, 1.75, 1.82, 1.72, 1.80, 330200, 10.80,,
2011-05-06, 1.75, 1.81, 1.70, 1.74, 216100, 10.44,,
2011-05-05, 1.66, 1.73, 1.65, 1.68, 184500, 10.08,,
2011-05-04, 1.73, 1.74, 1.67, 1.67, 183900, 10.02,,
2011-05-03, 1.80, 1.81, 1.72, 1.72, 250000, 10.32,,
2011-05-02, 1.81, 1.85, 1.74, 1.81, 349500, 10.86,,
2011-04-29, 1.85, 1.88, 1.77, 1.79, 913300, 10.74,,
2011-04-28, 1.72, 1.83, 1.70, 1.83, 750000, 10.98,,
2011-04-27, 1.75, 1.75, 1.69, 1.73, 294800, 10.38,,
2011-04-26, 1.73, 1.75, 1.69, 1.73, 233300, 10.38,,
2011-04-25, 1.72, 1.75, 1.69, 1.72, 200700, 10.32,,
2011-04-21, 1.77, 1.77, 1.70, 1.71, 159700, 10.26,,
2011-04-20, 1.70, 1.77, 1.69, 1.76, 285900, 10.56,,
2011-04-19, 1.72, 1.74, 1.68, 1.69, 205600, 10.14,,
2011-04-18, 1.73, 1.73, 1.67, 1.71, 270500, 10.26,,
2011-04-15, 1.67, 1.73, 1.66, 1.72, 202000, 10.32,,
2011-04-14, 1.72, 1.72, 1.66, 1.66, 223000, 9.96,,
2011-04-13, 1.73, 1.76, 1.70, 1.72, 410200, 10.32,,
2011-04-12, 1.66, 1.73, 1.66, 1.69, 534100, 10.14,,
2011-04-11, 1.62, 1.66, 1.59, 1.61, 190000, 9.66,,
2011-04-08, 1.64, 1.64, 1.60, 1.62, 197300, 9.72,,
2011-04-07, 1.61, 1.67, 1.59, 1.64, 518300, 9.84,,
2011-04-06, 1.59, 1.60, 1.56, 1.58, 198100, 9.48,,
2011-04-05, 1.57, 1.61, 1.55, 1.57, 193100, 9.42,,
2011-04-04, 1.57, 1.61, 1.55, 1.57, 380600, 9.42,,
2011-04-01, 1.56, 1.65, 1.52, 1.55, 2210900, 9.30,,
2011-03-31, 1.91, 1.92, 1.84, 1.86, 154200, 11.16,,
2011-03-30, 1.87, 1.94, 1.87, 1.92, 93700, 11.52,,
2011-03-29, 1.78, 1.86, 1.78, 1.86, 130200, 11.16,,
2011-03-28, 1.82, 1.83, 1.77, 1.79, 114500, 10.74,,
2011-03-25, 1.84, 1.86, 1.79, 1.81, 160200, 10.86,,
2011-03-24, 1.83, 1.86, 1.78, 1.82, 96100, 10.92,,
2011-03-23, 1.75, 1.83, 1.74, 1.83, 129700, 10.98,,
2011-03-22, 1.77, 1.81, 1.75, 1.75, 91200, 10.50,,
2011-03-21, 1.80, 1.86, 1.75, 1.77, 108200, 10.62,,
2011-03-18, 1.74, 1.79, 1.74, 1.79, 101700, 10.74,,
2011-03-17, 1.73, 1.80, 1.72, 1.73, 103400, 10.38,,
2011-03-16, 1.77, 1.81, 1.71, 1.72, 179200, 10.32,,
2011-03-15, 1.80, 1.81, 1.74, 1.79, 314400, 10.74,,
2011-03-14, 1.88, 1.89, 1.82, 1.84, 153700, 11.04,,
2011-03-11, 1.85, 1.98, 1.82, 1.90, 241300, 11.40,,
2011-03-10, 1.90, 1.94, 1.88, 1.88, 158600, 11.28,,
2011-03-09, 1.91, 1.95, 1.90, 1.93, 119900, 11.58,,
2011-03-08, 1.90, 1.95, 1.89, 1.90, 107700, 11.40,,
2011-03-07, 1.95, 1.99, 1.89, 1.90, 121400, 11.40,,
2011-03-04, 1.96, 2.00, 1.91, 1.95, 85000, 11.70,,
2011-03-03, 1.97, 1.98, 1.91, 1.95, 96700, 11.70,,
2011-03-02, 1.93, 1.98, 1.91, 1.95, 123500, 11.70,,
2011-03-01, 2.01, 2.02, 1.92, 1.92, 127400, 11.52,,
2011-02-28, 2.04, 2.07, 1.94, 2.00, 150700, 12.00,,
2011-02-25, 1.92, 1.99, 1.92, 1.99, 286200, 11.94,,
2011-02-24, 1.93, 1.94, 1.90, 1.92, 187600, 11.52,,
2011-02-23, 1.95, 1.97, 1.86, 1.92, 255500, 11.52,,
2011-02-22, 2.08, 2.08, 1.96, 1.96, 228700, 11.76,,
2011-02-18, 2.08, 2.17, 2.07, 2.08, 327000, 12.48,,
2011-02-17, 2.08, 2.08, 2.03, 2.06, 110800, 12.36,,
2011-02-16, 2.12, 2.12, 2.02, 2.07, 189900, 12.42,,
2011-02-15, 2.08, 2.10, 1.97, 2.05, 322500, 12.30,,
2011-02-14, 2.09, 2.11, 2.04, 2.08, 148700, 12.48,,
2011-02-11, 2.02, 2.16, 2.02, 2.07, 252700, 12.42,,
2011-02-10, 2.06, 2.08, 2.01, 2.01, 172800, 12.06,,
2011-02-09, 2.10, 2.13, 2.05, 2.09, 165900, 12.54,,
2011-02-08, 2.12, 2.19, 2.10, 2.11, 159900, 12.66,,
2011-02-07, 2.08, 2.16, 2.08, 2.13, 178900, 12.78,,
2011-02-04, 2.14, 2.14, 2.06, 2.08, 157300, 12.48,,
2011-02-03, 2.06, 2.14, 2.06, 2.14, 161700, 12.84,,
2011-02-02, 2.12, 2.14, 2.02, 2.06, 174400, 12.36,,
2011-02-01, 2.18, 2.18, 2.07, 2.10, 216300, 12.60,,
2011-01-31, 2.13, 2.26, 2.08, 2.17, 246400, 13.02,,
2011-01-28, 2.24, 2.25, 2.10, 2.12, 299400, 12.72,,
2011-01-27, 2.23, 2.28, 2.21, 2.25, 242400, 13.50,,
2011-01-26, 2.23, 2.28, 2.20, 2.23, 187200, 13.38,,
2011-01-25, 2.29, 2.30, 2.21, 2.21, 159700, 13.26,,
2011-01-24, 2.38, 2.45, 2.25, 2.30, 244000, 13.80,,
2011-01-21, 2.34, 2.40, 2.30, 2.37, 267300, 14.22,,
2011-01-20, 2.22, 2.40, 2.20, 2.31, 250400, 13.86,,
2011-01-19, 2.43, 2.43, 2.22, 2.24, 363100, 13.44,,
2011-01-18, 2.50, 2.50, 2.41, 2.43, 155400, 14.58,,
2011-01-14, 2.41, 2.49, 2.33, 2.49, 276600, 14.94,,
2011-01-13, 2.57, 2.60, 2.37, 2.40, 528600, 14.40,,
2011-01-12, 2.58, 2.60, 2.43, 2.54, 337000, 15.24,,
2011-01-11, 2.58, 2.74, 2.52, 2.58, 480500, 15.48,,
2011-01-10, 2.38, 2.60, 2.35, 2.58, 625800, 15.48,,
2011-01-07, 2.18, 2.46, 2.17, 2.43, 635200, 14.58,,
2011-01-06, 2.17, 2.18, 2.14, 2.17, 166000, 13.02,,
2011-01-05, 2.10, 2.17, 2.10, 2.16, 120100, 12.96,,
2011-01-04, 2.19, 2.19, 2.11, 2.13, 157800, 12.78,,
2011-01-03, 2.15, 2.19, 2.12, 2.17, 176800, 13.02,,
2010-12-31, 2.16, 2.18, 2.10, 2.12, 148100, 12.72,,
2010-12-30, 2.10, 2.20, 2.09, 2.16, 205100, 12.96,,
2010-12-29, 2.07, 2.15, 2.04, 2.12, 254500, 12.72,,
2010-12-28, 2.06, 2.10, 2.06, 2.07, 78000, 12.42,,
2010-12-27, 2.04, 2.09, 1.98, 2.07, 210900, 12.42,,
2010-12-23, 2.03, 2.09, 2.02, 2.05, 136200, 12.30,,
2010-12-22, 2.07, 2.07, 2.03, 2.04, 253500, 12.24,,
2010-12-21, 2.05, 2.09, 2.00, 2.07, 154100, 12.42,,
2010-12-20, 2.02, 2.08, 2.00, 2.04, 170000, 12.24,,
2010-12-17, 1.98, 2.04, 1.93, 2.02, 376000, 12.12,,
2010-12-16, 1.97, 2.06, 1.95, 1.98, 177800, 11.88,,
2010-12-15, 1.91, 1.98, 1.91, 1.96, 162300, 11.76,,
2010-12-14, 1.84, 1.95, 1.84, 1.92, 303300, 11.52,,
2010-12-13, 1.86, 1.88, 1.82, 1.83, 137500, 10.98,,
2010-12-10, 1.86, 1.87, 1.83, 1.85, 145700, 11.10,,
2010-12-09, 1.87, 1.88, 1.84, 1.85, 153900, 11.10,,
2010-12-08, 1.83, 1.88, 1.83, 1.87, 146500, 11.22,,
2010-12-07, 1.80, 1.85, 1.77, 1.84, 209800, 11.04,,
2010-12-06, 1.80, 1.83, 1.76, 1.80, 150000, 10.80,,
2010-12-03, 1.79, 1.82, 1.74, 1.81, 158700, 10.86,,
2010-12-02, 1.85, 1.85, 1.79, 1.81, 128700, 10.86,,
2010-12-01, 1.85, 1.86, 1.79, 1.84, 108600, 11.04,,
2010-11-30, 1.78, 1.85, 1.75, 1.84, 202300, 11.04,,
2010-11-29, 1.78, 1.82, 1.76, 1.81, 135700, 10.86,,
2010-11-26, 1.81, 1.85, 1.78, 1.78, 40900, 10.68,,
2010-11-24, 1.84, 1.88, 1.78, 1.82, 186000, 10.92,,
2010-11-23, 1.86, 1.87, 1.81, 1.83, 181000, 10.98,,
2010-11-22, 1.86, 1.88, 1.80, 1.88, 134700, 11.28,,
2010-11-19, 1.89, 1.92, 1.85, 1.86, 367900, 11.16,,
2010-11-18, 1.85, 1.89, 1.82, 1.89, 236200, 11.34,,
2010-11-17, 1.77, 1.83, 1.76, 1.83, 125400, 10.98,,
2010-11-16, 1.83, 1.85, 1.75, 1.76, 234200, 10.56,,
2010-11-15, 1.83, 1.88, 1.82, 1.85, 155500, 11.10,,
2010-11-12, 1.84, 1.88, 1.81, 1.83, 115700, 10.98,,
2010-11-11, 1.86, 1.89, 1.83, 1.87, 119100, 11.22,,
2010-11-10, 1.87, 1.89, 1.82, 1.88, 185000, 11.28,,
2010-11-09, 1.94, 1.95, 1.85, 1.87, 218900, 11.22,,
2010-11-08, 2.02, 2.02, 1.94, 1.94, 293700, 11.64,,
2010-11-05, 2.02, 2.05, 1.98, 2.02, 178900, 12.12,,
2010-11-04, 2.02, 2.05, 2.01, 2.03, 147800, 12.18,,
2010-11-03, 1.97, 2.00, 1.94, 1.99, 127700, 11.94,,
2010-11-02, 2.02, 2.03, 1.94, 1.95, 192100, 11.70,,
2010-11-01, 2.13, 2.15, 1.94, 1.96, 261700, 11.76,,
2010-10-29, 2.07, 2.12, 2.05, 2.12, 180300, 12.72,,
2010-10-28, 2.14, 2.15, 2.07, 2.08, 123100, 12.48,,
2010-10-27, 2.13, 2.16, 2.09, 2.13, 169100, 12.78,,
2010-10-26, 2.13, 2.17, 2.07, 2.14, 269500, 12.84,,
2010-10-25, 2.14, 2.14, 2.07, 2.11, 163700, 12.66,,
2010-10-22, 2.07, 2.12, 2.03, 2.12, 202000, 12.72,,
2010-10-21, 2.12, 2.13, 2.02, 2.07, 204100, 12.42,,
2010-10-20, 2.02, 2.05, 2.00, 2.02, 108700, 12.12,,
2010-10-19, 2.05, 2.07, 1.97, 2.00, 185400, 12.00,,
2010-10-18, 1.90, 2.08, 1.87, 2.07, 400600, 12.42,,
2010-10-15, 1.98, 1.99, 1.89, 1.91, 272600, 11.46,,
2010-10-14, 1.88, 1.93, 1.87, 1.91, 138100, 11.46,,
2010-10-13, 1.86, 1.89, 1.82, 1.88, 155800, 11.28,,
2010-10-12, 1.84, 1.85, 1.82, 1.85, 61100, 11.10,,
2010-10-11, 1.84, 1.86, 1.80, 1.85, 142400, 11.10,,
2010-10-08, 1.79, 1.85, 1.76, 1.84, 96800, 11.04,,
2010-10-07, 1.87, 1.89, 1.78, 1.78, 167000, 10.68,,
2010-10-06, 1.77, 1.92, 1.77, 1.84, 265400, 11.04,,
2010-10-05, 1.73, 1.81, 1.73, 1.76, 227000, 10.56,,
2010-10-04, 1.78, 1.80, 1.72, 1.73, 205600, 10.38,,
2010-10-01, 1.85, 1.85, 1.77, 1.79, 232800, 10.74,,
2010-09-30, 1.84, 1.85, 1.80, 1.83, 248500, 10.98,,
2010-09-29, 1.85, 1.87, 1.79, 1.82, 182000, 10.92,,
2010-09-28, 1.86, 1.89, 1.83, 1.85, 211700, 11.10,,
2010-09-27, 1.93, 1.93, 1.88, 1.88, 146900, 11.28,,
2010-09-24, 1.95, 1.96, 1.88, 1.94, 143800, 11.64,,
2010-09-23, 1.88, 1.95, 1.88, 1.95, 215800, 11.70,,
2010-09-22, 1.88, 1.95, 1.88, 1.89, 171600, 11.34,,
2010-09-21, 1.98, 1.99, 1.87, 1.88, 337400, 11.28,,
2010-09-20, 1.97, 2.01, 1.96, 1.98, 222200, 11.88,,
2010-09-17, 2.02, 2.02, 1.95, 1.95, 265400, 11.70,,
2010-09-16, 2.00, 2.02, 1.95, 1.95, 160200, 11.70,,
2010-09-15, 1.97, 2.02, 1.95, 2.01, 306700, 12.06,,
2010-09-14, 2.11, 2.11, 1.98, 1.99, 479700, 11.94,,
2010-09-13, 2.13, 2.14, 2.09, 2.11, 225500, 12.66,,
2010-09-10, 2.14, 2.15, 2.10, 2.10, 156300, 12.60,,
2010-09-09, 2.15, 2.18, 2.12, 2.12, 148800, 12.72,,
2010-09-08, 2.16, 2.21, 2.14, 2.15, 362200, 12.90,,
2010-09-07, 2.16, 2.18, 2.11, 2.11, 142000, 12.66,,
2010-09-03, 2.18, 2.20, 2.15, 2.18, 215000, 13.08,,
2010-09-02, 2.16, 2.18, 2.11, 2.14, 171700, 12.84,,
2010-09-01, 2.13, 2.15, 2.09, 2.15, 246300, 12.90,,
2010-08-31, 2.10, 2.16, 2.07, 2.09, 204100, 12.54,,
2010-08-30, 2.11, 2.20, 2.10, 2.10, 298300, 12.60,,
2010-08-27, 2.09, 2.14, 2.02, 2.11, 372700, 12.66,,
2010-08-26, 2.20, 2.24, 2.05, 2.05, 456100, 12.30,,
2010-08-25, 2.08, 2.18, 2.07, 2.18, 363700, 13.08,,
2010-08-24, 2.07, 2.20, 1.97, 2.08, 745400, 12.48,,
2010-08-23, 2.10, 2.18, 2.01, 2.03, 567800, 12.18,,
2010-08-20, 2.00, 2.07, 1.97, 2.04, 155800, 12.24,,
2010-08-19, 2.02, 2.09, 1.99, 2.01, 231500, 12.06,,
2010-08-18, 2.08, 2.09, 2.02, 2.02, 166800, 12.12,,
2010-08-17, 2.01, 2.08, 1.99, 2.07, 203600, 12.42,,
2010-08-16, 1.91, 2.03, 1.86, 2.00, 188200, 12.00,,
2010-08-13, 1.97, 1.98, 1.91, 1.91, 148300, 11.46,,
2010-08-12, 1.96, 2.05, 1.94, 1.98, 186000, 11.88,,
2010-08-11, 2.00, 2.13, 1.96, 1.99, 415000, 11.94,,
2010-08-10, 1.91, 2.09, 1.89, 2.03, 490300, 12.18,,
2010-08-09, 1.99, 2.00, 1.93, 1.99, 163600, 11.94,,
2010-08-06, 1.95, 1.98, 1.91, 1.97, 226400, 11.82,,
2010-08-05, 1.97, 1.97, 1.93, 1.95, 52400, 11.70,,
2010-08-04, 1.95, 1.98, 1.91, 1.98, 210000, 11.88,,
2010-08-03, 1.96, 1.98, 1.90, 1.93, 225000, 11.58,,
2010-08-02, 1.97, 2.01, 1.94, 1.98, 308700, 11.88,,
2010-07-30, 1.86, 1.97, 1.85, 1.95, 325200, 11.70,,
2010-07-29, 1.91, 1.93, 1.86, 1.88, 141700, 11.28,,
2010-07-28, 1.90, 1.91, 1.80, 1.90, 283000, 11.40,,
2010-07-27, 1.95, 1.95, 1.82, 1.85, 297700, 11.10,,
2010-07-26, 1.89, 1.95, 1.83, 1.91, 435000, 11.46,,
2010-07-23, 1.79, 1.81, 1.73, 1.80, 259500, 10.80,,
2010-07-22, 1.84, 1.84, 1.77, 1.79, 310200, 10.74,,
2010-07-21, 1.94, 1.99, 1.78, 1.81, 559600, 10.86,,
2010-07-20, 1.93, 1.93, 1.80, 1.84, 574800, 11.04,,
2010-07-19, 1.83, 1.96, 1.76, 1.94, 729200, 11.64,,
2010-07-16, 1.95, 2.07, 1.80, 1.81, 1208300, 10.86,,
2010-07-15, 1.66, 1.71, 1.62, 1.63, 364800, 9.78,,
2010-07-14, 1.59, 1.68, 1.58, 1.66, 223500, 9.96,,
2010-07-13, 1.59, 1.61, 1.55, 1.61, 134700, 9.66,,
2010-07-12, 1.64, 1.65, 1.55, 1.56, 160800, 9.36,,
2010-07-09, 1.57, 1.66, 1.54, 1.64, 179200, 9.84,,
2010-07-08, 1.53, 1.58, 1.48, 1.57, 268200, 9.42,,
2010-07-07, 1.45, 1.52, 1.44, 1.47, 282900, 8.82,,
2010-07-06, 1.57, 1.59, 1.45, 1.45, 156600, 8.70,,
2010-07-02, 1.63, 1.63, 1.52, 1.54, 132200, 9.24,,
2010-07-01, 1.60, 1.63, 1.52, 1.57, 113000, 9.42,,
2010-06-30, 1.59, 1.70, 1.59, 1.61, 114700, 9.66,,
2010-06-29, 1.65, 1.67, 1.52, 1.56, 204200, 9.36,,
2010-06-28, 1.72, 1.72, 1.65, 1.67, 90900, 10.02,,
2010-06-25, 1.67, 1.70, 1.62, 1.70, 338800, 10.20,,
2010-06-24, 1.70, 1.71, 1.67, 1.68, 103100, 10.08,,
2010-06-23, 1.67, 1.72, 1.66, 1.66, 110000, 9.96,,
2010-06-22, 1.80, 1.82, 1.67, 1.67, 228100, 10.02,,
2010-06-21, 1.81, 1.88, 1.78, 1.79, 367700, 10.74,,
2010-06-18, 1.73, 1.79, 1.71, 1.79, 359800, 10.74,,
2010-06-17, 1.72, 1.76, 1.64, 1.71, 278200, 10.26,,
2010-06-16, 1.61, 1.72, 1.59, 1.70, 274700, 10.20,,
2010-06-15, 1.65, 1.65, 1.56, 1.61, 237100, 9.66,,
2010-06-14, 1.61, 1.67, 1.55, 1.61, 765600, 9.66,,
2010-06-11, 1.42, 1.47, 1.37, 1.45, 133900, 8.70,,
2010-06-10, 1.36, 1.45, 1.34, 1.45, 220200, 8.70,,
2010-06-09, 1.32, 1.45, 1.32, 1.33, 143600, 7.98,,
2010-06-08, 1.37, 1.38, 1.29, 1.30, 163100, 7.80,,
2010-06-07, 1.45, 1.49, 1.35, 1.37, 214900, 8.22,,
2010-06-04, 1.47, 1.48, 1.36, 1.39, 236600, 8.34,,
2010-06-03, 1.54, 1.54, 1.46, 1.47, 172200, 8.82,,
2010-06-02, 1.55, 1.59, 1.48, 1.53, 665200, 9.18,,
2010-06-01, 1.42, 1.45, 1.38, 1.39, 72900, 8.34,,
2010-05-28, 1.43, 1.45, 1.42, 1.43, 129200, 8.58,,
2010-05-27, 1.39, 1.43, 1.38, 1.43, 81200, 8.58,,
2010-05-26, 1.43, 1.45, 1.36, 1.37, 125000, 8.22,,
2010-05-25, 1.40, 1.41, 1.33, 1.40, 122700, 8.40,,
2010-05-24, 1.35, 1.39, 1.28, 1.39, 86900, 8.34,,
2010-05-21, 1.33, 1.40, 1.28, 1.34, 152900, 8.04,,
2010-05-20, 1.40, 1.40, 1.26, 1.31, 265700, 7.86,,
2010-05-19, 1.42, 1.44, 1.38, 1.41, 149500, 8.46,,
2010-05-18, 1.43, 1.49, 1.41, 1.43, 396800, 8.58,,
2010-05-17, 1.40, 1.43, 1.36, 1.41, 142300, 8.46,,
2010-05-14, 1.38, 1.42, 1.32, 1.39, 193100, 8.34,,
2010-05-13, 1.35, 1.40, 1.32, 1.39, 246300, 8.34,,
2010-05-12, 1.28, 1.33, 1.23, 1.33, 238900, 7.98,,
2010-05-11, 1.21, 1.28, 1.17, 1.28, 195100, 7.68,,
2010-05-10, 1.21, 1.26, 1.16, 1.25, 195300, 7.50,,
2010-05-07, 1.20, 1.25, 1.11, 1.15, 207800, 6.90,,
2010-05-06, 1.29, 1.32, 1.16, 1.21, 261700, 7.26,,
2010-05-05, 1.24, 1.32, 1.20, 1.30, 285300, 7.80,,
2010-05-04, 1.28, 1.31, 1.23, 1.24, 185400, 7.44,,
2010-05-03, 1.33, 1.33, 1.24, 1.30, 102600, 7.80,,
2010-04-30, 1.30, 1.34, 1.28, 1.32, 210200, 7.92,,
2010-04-29, 1.28, 1.32, 1.24, 1.31, 201200, 7.86,,
2010-04-28, 1.35, 1.35, 1.23, 1.27, 280200, 7.62,,
2010-04-27, 1.35, 1.39, 1.28, 1.30, 226800, 7.80,,
2010-04-26, 1.38, 1.44, 1.33, 1.35, 342400, 8.10,,
2010-04-23, 1.26, 1.39, 1.25, 1.38, 392300, 8.28,,
2010-04-22, 1.21, 1.27, 1.19, 1.27, 188600, 7.62,,
2010-04-21, 1.24, 1.25, 1.21, 1.22, 141600, 7.32,,
2010-04-20, 1.20, 1.24, 1.20, 1.24, 73100, 7.44,,
2010-04-19, 1.21, 1.23, 1.20, 1.20, 257100, 7.20,,
2010-04-16, 1.20, 1.24, 1.20, 1.22, 152700, 7.32,,
2010-04-15, 1.22, 1.25, 1.21, 1.23, 100200, 7.38,,
2010-04-14, 1.25, 1.29, 1.21, 1.22, 264500, 7.32,,
2010-04-13, 1.23, 1.25, 1.20, 1.23, 95800, 7.38,,
2010-04-12, 1.17, 1.24, 1.17, 1.23, 147200, 7.38,,
2010-04-09, 1.23, 1.23, 1.18, 1.20, 146000, 7.20,,
2010-04-08, 1.15, 1.19, 1.15, 1.18, 116200, 7.08,,
2010-04-07, 1.16, 1.18, 1.15, 1.15, 120400, 6.90,,
2010-04-06, 1.19, 1.20, 1.13, 1.17, 308000, 7.02,,
2010-04-05, 1.16, 1.21, 1.12, 1.20, 265400, 7.20,,
2010-04-01, 1.18, 1.21, 1.14, 1.15, 316500, 6.90,,
2010-03-31, 1.18, 1.21, 1.18, 1.18, 180000, 7.08,,
2010-03-30, 1.27, 1.28, 1.16, 1.18, 473300, 7.08,,
2010-03-29, 1.29, 1.30, 1.25, 1.27, 132100, 7.62,,
2010-03-26, 1.27, 1.33, 1.26, 1.29, 200600, 7.74,,
2010-03-25, 1.32, 1.33, 1.23, 1.24, 298600, 7.44,,
2010-03-24, 1.34, 1.40, 1.33, 1.34, 261200, 8.04,,
2010-03-23, 1.28, 1.34, 1.27, 1.33, 136800, 7.98,,
2010-03-22, 1.29, 1.29, 1.26, 1.29, 88200, 7.74,,
2010-03-19, 1.30, 1.30, 1.25, 1.29, 159200, 7.74,,
2010-03-18, 1.27, 1.30, 1.26, 1.29, 88000, 7.74,,
2010-03-17, 1.32, 1.32, 1.26, 1.26, 217100, 7.56,,
2010-03-16, 1.26, 1.32, 1.26, 1.30, 225600, 7.80,,
2010-03-15, 1.30, 1.31, 1.18, 1.21, 396500, 7.26,,
2010-03-12, 1.31, 1.32, 1.30, 1.31, 136200, 7.86,,
2010-03-11, 1.32, 1.33, 1.30, 1.32, 137200, 7.92,,
2010-03-10, 1.31, 1.33, 1.30, 1.32, 125000, 7.92,,
2010-03-09, 1.33, 1.35, 1.30, 1.30, 156100, 7.80,,
2010-03-08, 1.37, 1.37, 1.29, 1.34, 131000, 8.04,,
2010-03-05, 1.29, 1.37, 1.28, 1.36, 341800, 8.16,,
2010-03-04, 1.43, 1.45, 1.20, 1.29, 1397900, 7.74,,
2010-03-03, 1.44, 1.47, 1.41, 1.43, 121700, 8.58,,
2010-03-02, 1.48, 1.49, 1.42, 1.43, 240000, 8.58,,
2010-03-01, 1.45, 1.50, 1.41, 1.50, 183900, 9.00,,
2010-02-26, 1.43, 1.45, 1.43, 1.44, 48800, 8.64,,
2010-02-25, 1.43, 1.43, 1.41, 1.43, 55400, 8.58,,
2010-02-24, 1.44, 1.47, 1.40, 1.45, 67500, 8.70,,
2010-02-23, 1.42, 1.46, 1.39, 1.44, 122100, 8.64,,
2010-02-22, 1.41, 1.45, 1.39, 1.42, 96600, 8.52,,
2010-02-19, 1.44, 1.45, 1.41, 1.44, 71400, 8.64,,
2010-02-18, 1.48, 1.48, 1.38, 1.44, 121500, 8.64,,
2010-02-17, 1.46, 1.49, 1.45, 1.48, 59600, 8.88,,
2010-02-16, 1.46, 1.48, 1.44, 1.46, 90100, 8.76,,
2010-02-12, 1.38, 1.46, 1.37, 1.46, 124700, 8.76,,
2010-02-11, 1.34, 1.41, 1.33, 1.39, 161600, 8.34,,
2010-02-10, 1.43, 1.50, 1.27, 1.35, 420100, 8.10,,
2010-02-09, 1.50, 1.51, 1.42, 1.45, 122200, 8.70,,
2010-02-08, 1.42, 1.51, 1.37, 1.49, 176400, 8.94,,
2010-02-05, 1.48, 1.48, 1.37, 1.42, 200100, 8.52,,
2010-02-04, 1.52, 1.53, 1.42, 1.42, 234800, 8.52,,
2010-02-03, 1.44, 1.50, 1.43, 1.48, 136800, 8.88,,
2010-02-02, 1.44, 1.46, 1.42, 1.44, 137900, 8.64,,
2010-02-01, 1.46, 1.48, 1.42, 1.45, 84500, 8.70,,
2010-01-29, 1.46, 1.49, 1.42, 1.46, 203200, 8.76,,
2010-01-28, 1.53, 1.55, 1.46, 1.46, 207400, 8.76,,
2010-01-27, 1.53, 1.56, 1.51, 1.52, 114200, 9.12,,
2010-01-26, 1.54, 1.58, 1.51, 1.54, 151300, 9.24,,
2010-01-25, 1.62, 1.65, 1.55, 1.55, 212800, 9.30,,
2010-01-22, 1.69, 1.73, 1.61, 1.61, 213100, 9.66,,
2010-01-21, 1.80, 1.80, 1.66, 1.67, 327500, 10.02,,
2010-01-20, 1.65, 1.80, 1.63, 1.79, 749500, 10.74,,
2010-01-19, 1.65, 1.75, 1.57, 1.65, 795500, 9.90,,
2010-01-15, 1.59, 1.62, 1.51, 1.59, 251700, 9.54,,
2010-01-14, 1.56, 1.59, 1.54, 1.58, 152900, 9.48,,
2010-01-13, 1.50, 1.66, 1.49, 1.57, 383400, 9.42,,
2010-01-12, 1.54, 1.54, 1.48, 1.50, 149600, 9.00,,
2010-01-11, 1.56, 1.57, 1.54, 1.55, 97100, 9.30,,
2010-01-08, 1.51, 1.55, 1.51, 1.55, 141500, 9.30,,
2010-01-07, 1.50, 1.52, 1.47, 1.52, 157200, 9.12,,
2010-01-06, 1.54, 1.55, 1.49, 1.50, 143600, 9.00,,
2010-01-05, 1.58, 1.58, 1.52, 1.55, 129400, 9.30,,
2010-01-04, 1.48, 1.58, 1.44, 1.58, 257500, 9.48,,
2009-12-31, 1.46, 1.48, 1.45, 1.46, 182500, 8.76,,
2009-12-30, 1.50, 1.52, 1.45, 1.47, 224700, 8.82,,
2009-12-29, 1.52, 1.54, 1.48, 1.51, 148800, 9.06,,
2009-12-28, 1.58, 1.61, 1.52, 1.53, 180700, 9.18,,
2009-12-24, 1.63, 1.64, 1.56, 1.61, 121700, 9.66,,
2009-12-23, 1.64, 1.65, 1.58, 1.64, 237000, 9.84,,
2009-12-22, 1.60, 1.62, 1.52, 1.61, 611200, 9.66,,
2009-12-21, 1.47, 1.50, 1.45, 1.49, 137900, 8.94,,
2009-12-18, 1.47, 1.51, 1.45, 1.45, 247500, 8.70,,
2009-12-17, 1.49, 1.51, 1.45, 1.46, 132200, 8.76,,
2009-12-16, 1.52, 1.54, 1.48, 1.50, 161100, 9.00,,
2009-12-15, 1.54, 1.57, 1.50, 1.51, 142000, 9.06,,
2009-12-14, 1.59, 1.59, 1.51, 1.54, 113900, 9.24,,
2009-12-11, 1.51, 1.53, 1.48, 1.52, 91500, 9.12,,
2009-12-10, 1.54, 1.57, 1.46, 1.51, 277900, 9.06,,
2009-12-09, 1.53, 1.55, 1.45, 1.53, 151800, 9.18,,
2009-12-08, 1.64, 1.65, 1.53, 1.53, 221000, 9.18,,
2009-12-07, 1.65, 1.69, 1.62, 1.65, 236800, 9.90,,
2009-12-04, 1.63, 1.68, 1.56, 1.66, 206900, 9.96,,
2009-12-03, 1.59, 1.70, 1.59, 1.62, 332300, 9.72,,
2009-12-02, 1.44, 1.65, 1.43, 1.61, 525000, 9.66,,
2009-12-01, 1.42, 1.45, 1.40, 1.44, 114800, 8.64,,
2009-11-30, 1.45, 1.46, 1.38, 1.42, 196600, 8.52,,
2009-11-27, 1.47, 1.50, 1.42, 1.46, 73100, 8.76,,
2009-11-25, 1.49, 1.53, 1.48, 1.48, 145700, 8.88,,
2009-11-24, 1.49, 1.51, 1.46, 1.49, 107200, 8.94,,
2009-11-23, 1.47, 1.52, 1.46, 1.49, 135600, 8.94,,
2009-11-20, 1.54, 1.55, 1.45, 1.46, 173000, 8.76,,
2009-11-19, 1.55, 1.58, 1.49, 1.55, 134900, 9.30,,
2009-11-18, 1.59, 1.59, 1.49, 1.53, 144200, 9.18,,
2009-11-17, 1.58, 1.60, 1.52, 1.59, 186200, 9.54,,
2009-11-16, 1.48, 1.63, 1.48, 1.61, 365900, 9.66,,
2009-11-13, 1.47, 1.50, 1.45, 1.47, 133900, 8.82,,
2009-11-12, 1.42, 1.47, 1.38, 1.47, 187100, 8.82,,
2009-11-11, 1.46, 1.50, 1.39, 1.39, 279400, 8.34,,
2009-11-10, 1.52, 1.53, 1.42, 1.44, 170500, 8.64,,
2009-11-09, 1.40, 1.55, 1.33, 1.53, 618600, 9.18,,
2009-11-06, 1.49, 1.54, 1.40, 1.44, 226200, 8.64,,
2009-11-05, 1.44, 1.50, 1.43, 1.49, 116600, 8.94,,
2009-11-04, 1.60, 1.60, 1.42, 1.44, 218700, 8.64,,
2009-11-03, 1.45, 1.59, 1.40, 1.57, 181400, 9.42,,
2009-11-02, 1.47, 1.49, 1.39, 1.45, 192200, 8.70,,
2009-10-30, 1.55, 1.55, 1.41, 1.47, 234700, 8.82,,
2009-10-29, 1.41, 1.54, 1.40, 1.51, 351800, 9.06,,
2009-10-28, 1.65, 1.65, 1.36, 1.42, 592500, 8.52,,
2009-10-27, 1.65, 1.66, 1.60, 1.60, 163100, 9.60,,
2009-10-26, 1.72, 1.78, 1.63, 1.63, 224000, 9.78,,
2009-10-23, 1.72, 1.77, 1.68, 1.71, 186600, 10.26,,
2009-10-22, 1.71, 1.74, 1.66, 1.71, 241700, 10.26,,
2009-10-21, 1.73, 1.74, 1.70, 1.71, 201500, 10.26,,
2009-10-20, 1.76, 1.87, 1.70, 1.71, 368500, 10.26,,
2009-10-19, 1.80, 1.82, 1.76, 1.78, 215700, 10.68,,
2009-10-16, 1.86, 1.87, 1.78, 1.78, 267800, 10.68,,
2009-10-15, 1.87, 1.87, 1.80, 1.87, 342500, 11.22,,
2009-10-14, 1.90, 1.90, 1.82, 1.87, 188500, 11.22,,
2009-10-13, 1.90, 1.91, 1.81, 1.85, 378000, 11.10,,
2009-10-12, 1.84, 1.86, 1.77, 1.77, 234500, 10.62,,
2009-10-09, 1.84, 1.84, 1.77, 1.81, 349400, 10.86,,
2009-10-08, 1.92, 1.92, 1.82, 1.83, 257300, 10.98,,
2009-10-07, 1.81, 1.94, 1.76, 1.90, 593100, 11.40,,
2009-10-06, 1.92, 1.92, 1.77, 1.81, 759800, 10.86,,
2009-10-05, 1.99, 2.08, 1.83, 1.92, 3929000, 11.52,,
2009-10-02, 1.53, 1.62, 1.51, 1.56, 202500, 9.36,,
2009-10-01, 1.70, 1.72, 1.59, 1.63, 388400, 9.78,,
2009-09-30, 1.60, 1.72, 1.49, 1.72, 905600, 10.32,,
2009-09-29, 1.61, 1.63, 1.54, 1.56, 296700, 9.36,,
2009-09-28, 1.61, 1.66, 1.61, 1.61, 262700, 9.66,,
2009-09-25, 1.69, 1.69, 1.56, 1.61, 397200, 9.66,,
2009-09-24, 1.80, 1.81, 1.66, 1.68, 317700, 10.08,,
2009-09-23, 1.84, 1.87, 1.80, 1.80, 385800, 10.80,,
2009-09-22, 1.81, 1.83, 1.75, 1.81, 448300, 10.86,,
2009-09-21, 1.84, 1.84, 1.76, 1.79, 247200, 10.74,,
2009-09-18, 1.84, 1.88, 1.76, 1.80, 498400, 10.80,,
2009-09-17, 1.99, 1.99, 1.85, 1.86, 428900, 11.16,,
2009-09-16, 1.92, 1.98, 1.86, 1.98, 450600, 11.88,,
2009-09-15, 1.89, 1.95, 1.86, 1.90, 428400, 11.40,,
2009-09-14, 1.91, 2.22, 1.86, 1.94, 1761900, 11.64,,
2009-09-11, 1.77, 2.05, 1.73, 2.05, 1143100, 12.30,,
2009-09-10, 1.73, 1.80, 1.67, 1.80, 501300, 10.80,,
2009-09-09, 1.85, 1.85, 1.73, 1.74, 396500, 10.44,,
2009-09-08, 1.85, 1.88, 1.72, 1.82, 554600, 10.92,,
2009-09-04, 1.81, 1.83, 1.66, 1.79, 836400, 10.74,,
2009-09-03, 1.88, 1.88, 1.72, 1.79, 589300, 10.74,,
2009-09-02, 1.94, 1.96, 1.73, 1.78, 1353300, 10.68,,
2009-09-01, 1.80, 2.19, 1.76, 2.08, 4726100, 12.48,,
2009-08-31, 1.45, 1.75, 1.44, 1.71, 2540700, 10.26,,
2009-08-28, 1.48, 1.48, 1.43, 1.45, 455700, 8.70,,
2009-08-27, 1.44, 1.49, 1.38, 1.47, 708500, 8.82,,
2009-08-26, 1.49, 1.53, 1.41, 1.42, 1895900, 8.52,,
2009-08-25, 1.37, 1.41, 1.34, 1.39, 745800, 8.34,,
2009-08-24, 1.42, 1.44, 1.32, 1.35, 869500, 8.10,,
2009-08-21, 1.39, 1.41, 1.31, 1.39, 1295700, 8.34,,
2009-08-20, 1.35, 1.38, 1.31, 1.34, 3520700, 8.04,,
2009-08-19, 1.70, 1.88, 1.68, 1.78, 235300, 10.68,,
2009-08-18, 1.67, 1.83, 1.66, 1.73, 151500, 10.38,,
2009-08-17, 1.71, 1.75, 1.66, 1.69, 222800, 10.14,,
2009-08-14, 1.86, 1.93, 1.77, 1.78, 273900, 10.68,,
2009-08-13, 2.07, 2.08, 1.86, 1.90, 293900, 11.40,,
2009-08-12, 2.07, 2.20, 2.06, 2.08, 173200, 12.48,,
2009-08-11, 2.16, 2.18, 2.06, 2.11, 182400, 12.66,,
2009-08-10, 2.30, 2.35, 2.15, 2.20, 220700, 13.20,,
2009-08-07, 2.25, 2.46, 2.20, 2.40, 292200, 14.40,,
2009-08-06, 2.35, 2.40, 2.16, 2.20, 168600, 13.20,,
2009-08-05, 2.24, 2.40, 2.15, 2.35, 226300, 14.10,,
2009-08-04, 2.10, 2.29, 2.00, 2.23, 243700, 13.38,,
2009-08-03, 2.40, 2.43, 2.12, 2.14, 244700, 12.84,,
2009-07-31, 2.33, 2.48, 2.21, 2.30, 236400, 13.80,,
2009-07-30, 2.65, 2.73, 2.31, 2.37, 564100, 14.22,,
2009-07-29, 2.41, 2.64, 2.28, 2.29, 676900, 13.74,,
2009-07-28, 2.47, 2.68, 2.31, 2.47, 1234800, 14.82,,
2009-07-27, 1.94, 2.26, 1.88, 2.10, 418400, 12.60,,
2009-07-24, 1.71, 2.01, 1.71, 1.91, 433500, 11.46,,
2009-07-23, 1.73, 1.75, 1.70, 1.75, 99900, 10.50,,
2009-07-22, 1.70, 1.73, 1.61, 1.73, 103500, 10.38,,
2009-07-21, 1.70, 1.70, 1.63, 1.68, 90700, 10.08,,
2009-07-20, 1.72, 1.78, 1.67, 1.68, 151200, 10.08,,
2009-07-17, 1.60, 1.75, 1.58, 1.71, 130800, 10.26,,
2009-07-16, 1.51, 1.59, 1.51, 1.59, 50400, 9.54,,
2009-07-15, 1.57, 1.59, 1.51, 1.54, 98000, 9.24,,
2009-07-14, 1.36, 1.62, 1.35, 1.55, 160800, 9.30,,
2009-07-13, 1.33, 1.35, 1.24, 1.35, 59100, 8.10,,
2009-07-10, 1.25, 1.33, 1.23, 1.32, 49200, 7.92,,
2009-07-09, 1.33, 1.33, 1.23, 1.25, 112600, 7.50,,
2009-07-08, 1.54, 1.54, 1.20, 1.28, 319400, 7.68,,
2009-07-07, 1.59, 1.61, 1.53, 1.54, 73800, 9.24,,
2009-07-06, 1.56, 1.69, 1.50, 1.59, 122600, 9.54,,
2009-07-02, 1.59, 1.60, 1.55, 1.56, 131800, 9.36,,
2009-07-01, 1.59, 1.66, 1.59, 1.60, 94500, 9.60,,
2009-06-30, 1.67, 1.68, 1.58, 1.58, 164400, 9.48,,
2009-06-29, 1.56, 1.80, 1.56, 1.68, 440500, 10.08,,
2009-06-26, 1.65, 1.98, 1.56, 1.87, 2022200, 11.22,,
2009-06-25, 1.50, 1.65, 1.47, 1.64, 143600, 9.84,,
2009-06-24, 1.52, 1.54, 1.47, 1.50, 99900, 9.00,,
2009-06-23, 1.59, 1.59, 1.41, 1.47, 121100, 8.82,,
2009-06-22, 1.70, 1.73, 1.48, 1.53, 342700, 9.18,,
2009-06-19, 1.50, 1.69, 1.49, 1.53, 225100, 9.18,,
2009-06-18, 1.38, 1.47, 1.36, 1.47, 79500, 8.82,,
2009-06-17, 1.34, 1.39, 1.31, 1.39, 62300, 8.34,,
2009-06-16, 1.34, 1.43, 1.33, 1.38, 96300, 8.28,,
2009-06-15, 1.45, 1.48, 1.34, 1.37, 102700, 8.22,,
2009-06-12, 1.55, 1.55, 1.42, 1.49, 65800, 8.94,,
2009-06-11, 1.53, 1.56, 1.42, 1.54, 138700, 9.24,,
2009-06-10, 1.65, 1.65, 1.41, 1.50, 148100, 9.00,,
2009-06-09, 1.66, 1.66, 1.58, 1.64, 66600, 9.84,,
2009-06-08, 1.59, 1.61, 1.54, 1.61, 112200, 9.66,,
2009-06-05, 1.58, 1.59, 1.47, 1.59, 115300, 9.54,,
2009-06-04, 1.61, 1.69, 1.46, 1.56, 266400, 9.36,,
2009-06-03, 1.30, 1.58, 1.28, 1.52, 354600, 9.12,,
2009-06-02, 1.34, 1.35, 1.27, 1.30, 62900, 7.80,,
2009-06-01, 1.22, 1.38, 1.20, 1.31, 158300, 7.86,,
2009-05-29, 1.25, 1.29, 1.15, 1.22, 109500, 7.32,,
2009-05-28, 1.30, 1.32, 1.25, 1.27, 78600, 7.62,,
2009-05-27, 1.20, 1.32, 1.15, 1.26, 160000, 7.56,,
2009-05-26, 1.10, 1.19, 1.03, 1.18, 220800, 7.08,,
2009-05-22, 1.03, 1.09, 0.99, 1.09, 74700, 6.54,,
2009-05-21, 1.05, 1.08, 1.02, 1.03, 63600, 6.18,,
2009-05-20, 1.12, 1.14, 1.06, 1.06, 75300, 6.36,,
2009-05-19, 1.00, 1.10, 1.00, 1.10, 98500, 6.60,,
2009-05-18, 1.01, 1.09, 0.96, 1.00, 177800, 6.00,,
2009-05-15, 1.03, 1.20, 0.91, 1.00, 336400, 6.00,,
2009-05-14, 1.01, 1.08, 1.00, 1.00, 69800, 6.00,,
2009-05-13, 1.00, 1.05, 0.95, 1.04, 114000, 6.24,,
2009-05-12, 1.06, 1.06, 0.97, 1.02, 195400, 6.12,,
2009-05-11, 0.95, 1.05, 0.93, 0.99, 200600, 5.94,,
2009-05-08, 0.94, 0.95, 0.88, 0.89, 90700, 5.34,,
2009-05-07, 0.87, 0.93, 0.84, 0.92, 105500, 5.52,,
2009-05-06, 0.81, 0.91, 0.81, 0.86, 190600, 5.16,,
2009-05-05, 0.76, 0.78, 0.72, 0.78, 70200, 4.68,,
2009-05-04, 0.77, 0.78, 0.75, 0.76, 85100, 4.56,,
2009-05-01, 0.83, 0.83, 0.72, 0.80, 140000, 4.80,,
2009-04-30, 0.86, 0.89, 0.81, 0.81, 111700, 4.86,,
2009-04-29, 0.98, 0.98, 0.85, 0.86, 143500, 5.16,,
2009-04-28, 1.09, 1.10, 0.83, 0.98, 329800, 5.88,,
2009-04-27, 1.21, 1.29, 0.95, 0.99, 932500, 5.94,,
2009-04-24, 0.73, 0.93, 0.73, 0.89, 105400, 5.34,,
2009-04-23, 0.71, 0.74, 0.69, 0.74, 12800, 4.44,,
2009-04-22, 0.77, 0.77, 0.73, 0.74, 30500, 4.44,,
2009-04-21, 0.70, 0.77, 0.67, 0.77, 34800, 4.62,,
2009-04-20, 0.71, 0.72, 0.69, 0.71, 28700, 4.26,,
2009-04-17, 0.67, 0.72, 0.67, 0.71, 29800, 4.26,,
2009-04-16, 0.72, 0.72, 0.67, 0.68, 16600, 4.08,,
2009-04-15, 0.70, 0.72, 0.67, 0.71, 9500, 4.26,,
2009-04-14, 0.71, 0.72, 0.67, 0.69, 25400, 4.14,,
2009-04-13, 0.70, 0.71, 0.69, 0.69, 18300, 4.14,,
2009-04-09, 0.70, 0.72, 0.66, 0.67, 19900, 4.02,,
2009-04-08, 0.68, 0.69, 0.66, 0.69, 9500, 4.14,,
2009-04-07, 0.71, 0.72, 0.68, 0.69, 9000, 4.14,,
2009-04-06, 0.68, 0.72, 0.68, 0.70, 14400, 4.20,,
2009-04-03, 0.71, 0.72, 0.68, 0.69, 19700, 4.14,,
2009-04-02, 0.71, 0.77, 0.71, 0.72, 12300, 4.32,,
2009-04-01, 0.67, 0.77, 0.67, 0.71, 24300, 4.26,,
2009-03-31, 0.79, 0.80, 0.66, 0.66, 30100, 3.96,,
2009-03-30, 0.78, 0.78, 0.71, 0.74, 11900, 4.44,,
2009-03-27, 0.79, 0.82, 0.75, 0.78, 24700, 4.68,,
2009-03-26, 0.75, 0.77, 0.74, 0.77, 34000, 4.62,,
2009-03-25, 0.69, 0.77, 0.69, 0.74, 23900, 4.44,,
2009-03-24, 0.79, 0.79, 0.69, 0.70, 24800, 4.20,,
2009-03-23, 0.80, 0.82, 0.76, 0.76, 29500, 4.56,,
2009-03-20, 0.78, 0.83, 0.75, 0.75, 49400, 4.50,,
2009-03-19, 0.75, 0.78, 0.73, 0.76, 26500, 4.56,,
2009-03-18, 0.75, 0.79, 0.73, 0.75, 36100, 4.50,,
2009-03-17, 0.66, 0.74, 0.66, 0.71, 20800, 4.26,,
2009-03-16, 0.65, 0.72, 0.64, 0.68, 71100, 4.08,,
2009-03-13, 0.59, 0.65, 0.59, 0.64, 77500, 3.84,,
2009-03-12, 0.55, 0.64, 0.52, 0.55, 100200, 3.30,,
2009-03-11, 0.52, 0.62, 0.52, 0.57, 32400, 3.42,,
2009-03-10, 0.62, 0.66, 0.60, 0.62, 29000, 3.72,,
2009-03-09, 0.66, 0.69, 0.60, 0.60, 40100, 3.60,,
2009-03-06, 0.58, 0.63, 0.58, 0.63, 15600, 3.78,,
2009-03-05, 0.62, 0.66, 0.59, 0.61, 55000, 3.66,,
2009-03-04, 0.60, 0.61, 0.55, 0.60, 25600, 3.60,,
2009-03-03, 0.54, 0.58, 0.54, 0.56, 40800, 3.36,,
2009-03-02, 0.61, 0.61, 0.56, 0.56, 30300, 3.36,,
2009-02-27, 0.69, 0.69, 0.60, 0.60, 29700, 3.60,,
2009-02-26, 0.69, 0.69, 0.62, 0.67, 43600, 4.02,,
2009-02-25, 0.69, 0.71, 0.65, 0.65, 15600, 3.90,,
2009-02-24, 0.64, 0.75, 0.64, 0.71, 31600, 4.26,,
2009-02-23, 0.73, 0.81, 0.61, 0.65, 42200, 3.90,,
2009-02-20, 0.77, 0.79, 0.71, 0.73, 34900, 4.38,,
2009-02-19, 0.85, 0.94, 0.78, 0.80, 19500, 4.80,,
2009-02-18, 0.81, 0.86, 0.81, 0.86, 21800, 5.16,,
2009-02-17, 0.80, 0.81, 0.78, 0.81, 19600, 4.86,,
2009-02-13, 0.92, 0.92, 0.81, 0.84, 28200, 5.04,,
2009-02-12, 0.91, 0.96, 0.86, 0.91, 41700, 5.46,,
2009-02-11, 0.93, 0.93, 0.91, 0.92, 11400, 5.52,,
2009-02-10, 0.97, 0.98, 0.91, 0.92, 48600, 5.52,,
2009-02-09, 0.90, 0.99, 0.89, 0.97, 70400, 5.82,,
2009-02-06, 0.87, 0.97, 0.87, 0.89, 68300, 5.34,,
2009-02-05, 0.86, 0.90, 0.83, 0.85, 29100, 5.10,,
2009-02-04, 0.75, 0.90, 0.75, 0.87, 64400, 5.22,,
2009-02-03, 0.74, 0.85, 0.72, 0.78, 31600, 4.68,,
2009-02-02, 0.90, 0.90, 0.75, 0.76, 109600, 4.56,,
2009-01-30, 1.05, 1.05, 0.77, 0.87, 330500, 5.22,,
2009-01-29, 1.25, 1.25, 1.16, 1.16, 21600, 6.96,,
2009-01-28, 1.20, 1.32, 1.20, 1.25, 28100, 7.50,,
2009-01-27, 1.27, 1.36, 1.22, 1.23, 31200, 7.38,,
2009-01-26, 1.36, 1.40, 1.27, 1.36, 37400, 8.16,,
2009-01-23, 1.30, 1.46, 1.29, 1.35, 50800, 8.10,,
2009-01-22, 1.44, 1.51, 1.29, 1.29, 77000, 7.74,,
2009-01-21, 1.40, 1.55, 1.15, 1.41, 161100, 8.46,,
2009-01-20, 1.16, 1.33, 1.08, 1.29, 122900, 7.74,,
2009-01-16, 1.19, 1.44, 1.08, 1.12, 144800, 6.72,,
2009-01-15, 0.94, 1.18, 0.91, 1.15, 125800, 6.90,,
2009-01-14, 0.97, 0.97, 0.91, 0.94, 17900, 5.64,,
2009-01-13, 0.92, 0.97, 0.85, 0.97, 58200, 5.82,,
2009-01-12, 0.82, 0.86, 0.81, 0.85, 6200, 5.10,,
2009-01-09, 0.90, 0.92, 0.85, 0.85, 25100, 5.10,,
2009-01-08, 0.81, 0.88, 0.76, 0.87, 33900, 5.22,,
2009-01-07, 0.85, 0.87, 0.75, 0.79, 70600, 4.74,,
2009-01-06, 0.75, 0.87, 0.74, 0.85, 101100, 5.10,,
2009-01-05, 0.70, 0.74, 0.69, 0.72, 44900, 4.32,,
2009-01-02, 0.65, 0.69, 0.64, 0.68, 22900, 4.08,,
2008-12-31, 0.63, 0.67, 0.62, 0.66, 51200, 3.96,,
2008-12-30, 0.65, 0.66, 0.57, 0.63, 55300, 3.78,,
2008-12-29, 0.63, 0.67, 0.62, 0.64, 27000, 3.84,,
2008-12-26, 0.75, 0.75, 0.60, 0.61, 90900, 3.66,,
2008-12-24, 0.68, 0.94, 0.65, 0.67, 206300, 4.02,,
2008-12-23, 0.50, 0.52, 0.48, 0.49, 56400, 2.94,,
2008-12-22, 0.48, 0.50, 0.46, 0.50, 27700, 3.00,,
2008-12-19, 0.48, 0.50, 0.48, 0.48, 30700, 2.88,,
2008-12-18, 0.54, 0.54, 0.48, 0.48, 46700, 2.88,,
2008-12-17, 0.56, 0.56, 0.51, 0.55, 21100, 3.30,,
2008-12-16, 0.56, 0.58, 0.54, 0.57, 26200, 3.42,,
2008-12-15, 0.53, 0.56, 0.52, 0.54, 14900, 3.24,,
2008-12-12, 0.52, 0.57, 0.52, 0.55, 23500, 3.30,,
2008-12-11, 0.54, 0.62, 0.54, 0.56, 50700, 3.36,,
2008-12-10, 0.50, 0.56, 0.50, 0.55, 41000, 3.30,,
2008-12-09, 0.51, 0.54, 0.48, 0.51, 28500, 3.06,,
2008-12-08, 0.53, 0.55, 0.50, 0.55, 42900, 3.30,,
2008-12-05, 0.61, 0.61, 0.52, 0.52, 21700, 3.12,,
2008-12-04, 0.60, 0.61, 0.55, 0.58, 19500, 3.48,,
2008-12-03, 0.59, 0.65, 0.59, 0.60, 12200, 3.60,,
2008-12-02, 0.68, 0.68, 0.59, 0.60, 9300, 3.60,,
2008-12-01, 0.65, 0.65, 0.57, 0.65, 13200, 3.90,,
2008-11-28, 0.58, 0.66, 0.58, 0.65, 7700, 3.90,,
2008-11-26, 0.55, 0.64, 0.55, 0.61, 35800, 3.66,,
2008-11-25, 0.57, 0.59, 0.51, 0.54, 22800, 3.24,,
2008-11-24, 0.59, 0.68, 0.50, 0.56, 31600, 3.36,,
2008-11-21, 0.58, 0.62, 0.45, 0.52, 56400, 3.12,,
2008-11-20, 0.69, 0.69, 0.58, 0.58, 47000, 3.48,,
2008-11-19, 0.69, 0.70, 0.63, 0.64, 14800, 3.84,,
2008-11-18, 0.72, 0.72, 0.65, 0.68, 15500, 4.08,,
2008-11-17, 0.70, 0.75, 0.65, 0.69, 19900, 4.14,,
2008-11-14, 0.74, 0.78, 0.72, 0.76, 8800, 4.56,,
2008-11-13, 0.84, 0.87, 0.49, 0.80, 31200, 4.80,,
2008-11-12, 0.94, 0.94, 0.85, 0.87, 10500, 5.22,,
2008-11-11, 1.05, 1.05, 0.88, 0.92, 17900, 5.52,,
2008-11-10, 1.00, 1.04, 0.95, 1.04, 24100, 6.24,,
2008-11-07, 0.96, 1.04, 0.94, 0.95, 18500, 5.70,,
2008-11-06, 0.96, 1.05, 0.91, 0.94, 13300, 5.64,,
2008-11-05, 1.04, 1.04, 0.99, 1.00, 14300, 6.00,,
2008-11-04, 1.01, 1.09, 1.01, 1.04, 30400, 6.24,,
2008-11-03, 0.82, 1.03, 0.82, 1.01, 51300, 6.06,,
2008-10-31, 0.80, 0.88, 0.80, 0.86, 16200, 5.16,,
2008-10-30, 0.85, 0.91, 0.84, 0.85, 19400, 5.10,,
2008-10-29, 0.61, 0.92, 0.60, 0.83, 35400, 4.98,,
2008-10-28, 0.66, 0.67, 0.62, 0.62, 22100, 3.72,,
2008-10-27, 0.72, 0.72, 0.62, 0.65, 25500, 3.90,,
2008-10-24, 0.72, 0.74, 0.64, 0.72, 27800, 4.32,,
2008-10-23, 0.79, 0.83, 0.50, 0.72, 58300, 4.32,,
2008-10-22, 0.86, 0.87, 0.77, 0.83, 38500, 4.98,,
2008-10-21, 0.93, 1.01, 0.75, 0.86, 57400, 5.16,,
2008-10-20, 0.96, 1.01, 0.96, 1.00, 16600, 6.00,,
2008-10-17, 0.97, 1.06, 0.92, 1.01, 9300, 6.06,,
2008-10-16, 1.05, 1.09, 1.00, 1.03, 12700, 6.18,,
2008-10-15, 1.11, 1.11, 0.99, 1.09, 19000, 6.54,,
2008-10-14, 0.99, 1.15, 0.99, 1.11, 36500, 6.66,,
2008-10-13, 0.89, 1.05, 0.89, 1.02, 35600, 6.12,,
2008-10-10, 0.83, 0.90, 0.82, 0.90, 71100, 5.40,,
2008-10-09, 0.91, 0.96, 0.89, 0.92, 26900, 5.52,,
2008-10-08, 0.92, 0.97, 0.90, 0.91, 36500, 5.46,,
2008-10-07, 0.92, 1.00, 0.92, 0.92, 23600, 5.52,,
2008-10-06, 1.00, 1.02, 0.91, 0.98, 74300, 5.88,,
2008-10-03, 1.05, 1.10, 1.03, 1.06, 26500, 6.36,,
2008-10-02, 1.06, 1.10, 1.02, 1.05, 32900, 6.30,,
2008-10-01, 1.17, 1.20, 1.04, 1.10, 46400, 6.60,,
2008-09-30, 1.19, 1.21, 1.14, 1.21, 40200, 7.26,,
2008-09-29, 1.07, 1.31, 1.05, 1.19, 92600, 7.14,,
2008-09-26, 1.15, 1.19, 1.10, 1.15, 48700, 6.90,,
2008-09-25, 1.00, 1.16, 1.00, 1.12, 67100, 6.72,,
2008-09-24, 1.02, 1.09, 1.00, 1.03, 17400, 6.18,,
2008-09-23, 1.00, 1.08, 0.99, 1.05, 24300, 6.30,,
2008-09-22, 0.99, 1.02, 0.96, 1.00, 13900, 6.00,,
2008-09-19, 0.98, 1.05, 0.95, 1.03, 46400, 6.18,,
2008-09-18, 0.95, 1.00, 0.86, 0.96, 50200, 5.76,,
2008-09-17, 1.09, 1.11, 0.93, 0.98, 52500, 5.88,,
2008-09-16, 1.06, 1.13, 1.05, 1.10, 44800, 6.60,,
2008-09-15, 1.14, 1.14, 1.07, 1.09, 27300, 6.54,,
2008-09-12, 1.12, 1.14, 1.11, 1.13, 16100, 6.78,,
2008-09-11, 1.15, 1.15, 1.10, 1.13, 19800, 6.78,,
2008-09-10, 1.15, 1.19, 1.12, 1.15, 30000, 6.90,,
2008-09-09, 1.17, 1.17, 1.12, 1.16, 49000, 6.96,,
2008-09-08, 1.15, 1.19, 1.15, 1.19, 21500, 7.14,,
2008-09-05, 1.17, 1.18, 1.14, 1.15, 32500, 6.90,,
2008-09-04, 1.13, 1.18, 1.11, 1.17, 33800, 7.02,,
2008-09-03, 1.12, 1.15, 1.10, 1.15, 26200, 6.90,,
2008-09-02, 1.16, 1.16, 1.11, 1.12, 39100, 6.72,,
2008-08-29, 1.15, 1.17, 1.12, 1.12, 18700, 6.72,,
2008-08-28, 1.12, 1.18, 1.11, 1.18, 27700, 7.08,,
2008-08-27, 1.13, 1.14, 1.10, 1.14, 21400, 6.84,,
2008-08-26, 1.15, 1.17, 1.10, 1.11, 53700, 6.66,,
2008-08-25, 1.14, 1.17, 1.12, 1.13, 46400, 6.78,,
2008-08-22, 1.17, 1.18, 1.16, 1.17, 10300, 7.02,,
2008-08-21, 1.19, 1.20, 1.17, 1.17, 12800, 7.02,,
2008-08-20, 1.21, 1.23, 1.13, 1.18, 39100, 7.08,,
2008-08-19, 1.23, 1.24, 1.20, 1.21, 20300, 7.26,,
2008-08-18, 1.23, 1.25, 1.21, 1.21, 8200, 7.26,,
2008-08-15, 1.24, 1.25, 1.20, 1.21, 11900, 7.26,,
2008-08-14, 1.21, 1.25, 1.20, 1.22, 28800, 7.32,,
2008-08-13, 1.20, 1.24, 1.19, 1.20, 12400, 7.20,,
2008-08-12, 1.20, 1.24, 1.19, 1.21, 9100, 7.26,,
2008-08-11, 1.22, 1.25, 1.20, 1.23, 23800, 7.38,,
2008-08-08, 1.12, 1.21, 1.11, 1.21, 45300, 7.26,,
2008-08-07, 1.18, 1.22, 1.10, 1.10, 55400, 6.60,,
2008-08-06, 1.21, 1.23, 1.20, 1.22, 12000, 7.32,,
2008-08-05, 1.22, 1.24, 1.16, 1.23, 93500, 7.38,,
2008-08-04, 1.25, 1.25, 1.18, 1.21, 26500, 7.26,,
2008-08-01, 1.20, 1.26, 1.20, 1.26, 21500, 7.56,,
2008-07-31, 1.22, 1.24, 1.21, 1.23, 22200, 7.38,,
2008-07-30, 1.11, 1.20, 1.11, 1.20, 20000, 7.20,,
2008-07-29, 1.19, 1.19, 1.12, 1.12, 21500, 6.72,,
2008-07-28, 1.12, 1.19, 1.12, 1.15, 18900, 6.90,,
2008-07-25, 1.21, 1.21, 1.12, 1.15, 34800, 6.90,,
2008-07-24, 1.24, 1.24, 1.19, 1.21, 10300, 7.26,,
2008-07-23, 1.23, 1.24, 1.20, 1.23, 15700, 7.38,,
2008-07-22, 1.19, 1.25, 1.19, 1.23, 22100, 7.38,,
2008-07-21, 1.20, 1.24, 1.17, 1.18, 25100, 7.08,,
2008-07-18, 1.25, 1.26, 1.19, 1.20, 19800, 7.20,,
2008-07-17, 1.20, 1.26, 1.17, 1.25, 14600, 7.50,,
2008-07-16, 1.15, 1.22, 1.13, 1.22, 21100, 7.32,,
2008-07-15, 1.19, 1.22, 1.14, 1.14, 30400, 6.84,,
2008-07-14, 1.29, 1.29, 1.17, 1.22, 15900, 7.32,,
2008-07-11, 1.16, 1.29, 1.14, 1.26, 36000, 7.56,,
2008-07-10, 1.17, 1.21, 1.13, 1.16, 16700, 6.96,,
2008-07-09, 1.15, 1.19, 1.12, 1.14, 33200, 6.84,,
2008-07-08, 1.14, 1.17, 1.11, 1.17, 18900, 7.02,,
2008-07-07, 1.19, 1.19, 1.11, 1.16, 18200, 6.96,,
2008-07-03, 1.13, 1.25, 1.13, 1.21, 16100, 7.26,,
2008-07-02, 1.13, 1.24, 1.13, 1.17, 35900, 7.02,,
2008-07-01, 1.13, 1.14, 1.10, 1.10, 22900, 6.60,,
2008-06-30, 1.19, 1.19, 1.12, 1.12, 18100, 6.72,,
2008-06-27, 1.18, 1.19, 1.15, 1.16, 21500, 6.96,,
2008-06-26, 1.22, 1.24, 1.17, 1.20, 21700, 7.20,,
2008-06-25, 1.25, 1.27, 1.20, 1.25, 32600, 7.50,,
2008-06-24, 1.22, 1.25, 1.19, 1.25, 39600, 7.50,,
2008-06-23, 1.25, 1.26, 1.21, 1.26, 33000, 7.56,,
2008-06-20, 1.23, 1.27, 1.23, 1.25, 38500, 7.50,,
2008-06-19, 1.23, 1.26, 1.18, 1.25, 34300, 7.50,,
2008-06-18, 1.24, 1.31, 1.22, 1.24, 90900, 7.44,,
2008-06-17, 1.26, 1.30, 1.25, 1.26, 33000, 7.56,,
2008-06-16, 1.22, 1.25, 1.16, 1.24, 47500, 7.44,,
2008-06-13, 1.14, 1.18, 1.14, 1.18, 17900, 7.08,,
2008-06-12, 1.16, 1.18, 1.12, 1.15, 39600, 6.90,,
2008-06-11, 1.13, 1.18, 1.12, 1.16, 44500, 6.96,,
2008-06-10, 1.27, 1.28, 1.01, 1.16, 242500, 6.96,,
2008-06-09, 1.38, 1.39, 1.27, 1.29, 49000, 7.74,,
2008-06-06, 1.39, 1.40, 1.34, 1.38, 19600, 8.28,,
2008-06-05, 1.36, 1.40, 1.33, 1.36, 21900, 8.16,,
2008-06-04, 1.35, 1.40, 1.34, 1.36, 23100, 8.16,,
2008-06-03, 1.42, 1.42, 1.35, 1.39, 24600, 8.34,,
2008-06-02, 1.43, 1.47, 1.41, 1.44, 27200, 8.64,,
2008-05-30, 1.43, 1.46, 1.40, 1.40, 22000, 8.40,,
2008-05-29, 1.39, 1.45, 1.39, 1.44, 22800, 8.64,,
2008-05-28, 1.41, 1.46, 1.39, 1.42, 31300, 8.52,,
2008-05-27, 1.49, 1.49, 1.41, 1.43, 22300, 8.58,,
2008-05-23, 1.45, 1.46, 1.40, 1.46, 13200, 8.76,,
2008-05-22, 1.46, 1.46, 1.40, 1.43, 20500, 8.58,,
2008-05-21, 1.57, 1.57, 1.41, 1.43, 45000, 8.58,,
2008-05-20, 1.60, 1.60, 1.51, 1.55, 78600, 9.30,,
2008-05-19, 1.58, 1.61, 1.55, 1.59, 26700, 9.54,,
2008-05-16, 1.52, 1.64, 1.49, 1.60, 53800, 9.60,,
2008-05-15, 1.57, 1.57, 1.50, 1.53, 31500, 9.18,,
2008-05-14, 1.60, 1.63, 1.52, 1.54, 37700, 9.24,,
2008-05-13, 1.68, 1.68, 1.53, 1.59, 56200, 9.54,,
2008-05-12, 1.57, 1.65, 1.51, 1.62, 66300, 9.72,,
2008-05-09, 1.50, 1.56, 1.46, 1.55, 80200, 9.30,,
2008-05-08, 1.36, 1.48, 1.35, 1.46, 49300, 8.76,,
2008-05-07, 1.27, 1.35, 1.26, 1.33, 40300, 7.98,,
2008-05-06, 1.39, 1.39, 1.26, 1.28, 64600, 7.68,,
2008-05-05, 1.47, 1.48, 1.38, 1.40, 32000, 8.40,,
2008-05-02, 1.51, 1.56, 1.46, 1.48, 8800, 8.88,,
2008-05-01, 1.49, 1.50, 1.46, 1.49, 9600, 8.94,,
2008-04-30, 1.52, 1.52, 1.46, 1.50, 16700, 9.00,,
2008-04-29, 1.47, 1.51, 1.45, 1.49, 6600, 8.94,,
2008-04-28, 1.50, 1.52, 1.45, 1.50, 30200, 9.00,,
2008-04-25, 1.52, 1.52, 1.48, 1.50, 11800, 9.00,,
2008-04-24, 1.50, 1.55, 1.47, 1.52, 29500, 9.12,,
2008-04-23, 1.49, 1.53, 1.45, 1.53, 40000, 9.18,,
2008-04-22, 1.51, 1.54, 1.47, 1.47, 30300, 8.82,,
2008-04-21, 1.61, 1.64, 1.53, 1.53, 38000, 9.18,,
2008-04-18, 1.70, 1.74, 1.58, 1.65, 53200, 9.90,,
2008-04-17, 1.55, 1.69, 1.52, 1.68, 68000, 10.08,,
2008-04-16, 1.45, 1.53, 1.45, 1.50, 58100, 9.00,,
2008-04-15, 1.58, 1.59, 1.43, 1.46, 48200, 8.76,,
2008-04-14, 1.62, 1.65, 1.55, 1.58, 20500, 9.48,,
2008-04-11, 1.71, 1.72, 1.61, 1.65, 51600, 9.90,,
2008-04-10, 1.71, 1.73, 1.66, 1.71, 35000, 10.26,,
2008-04-09, 1.70, 1.78, 1.69, 1.74, 32400, 10.44,,
2008-04-08, 1.81, 1.81, 1.71, 1.72, 35600, 10.32,,
2008-04-07, 1.92, 1.92, 1.73, 1.82, 66900, 10.92,,
2008-04-04, 1.90, 1.92, 1.83, 1.88, 62700, 11.28,,
2008-04-03, 1.84, 1.97, 1.84, 1.87, 102200, 11.22,,
2008-04-02, 1.83, 1.90, 1.81, 1.85, 60100, 11.10,,
2008-04-01, 1.83, 1.93, 1.79, 1.86, 68900, 11.16,,
2008-03-31, 1.82, 1.95, 1.73, 1.84, 129100, 11.04,,
2008-03-28, 1.80, 1.88, 1.70, 1.76, 55000, 10.56,,
2008-03-27, 1.75, 1.77, 1.70, 1.77, 40500, 10.62,,
2008-03-26, 1.71, 1.76, 1.66, 1.72, 77800, 10.32,,
2008-03-25, 1.63, 1.75, 1.63, 1.69, 105200, 10.14,,
2008-03-24, 1.42, 1.65, 1.41, 1.60, 124500, 9.60,,
2008-03-20, 1.40, 1.43, 1.34, 1.43, 29900, 8.58,,
2008-03-19, 1.34, 1.42, 1.30, 1.42, 64400, 8.52,,
2008-03-18, 1.39, 1.39, 1.32, 1.36, 27000, 8.16,,
2008-03-17, 1.35, 1.43, 1.30, 1.33, 25900, 7.98,,
2008-03-14, 1.37, 1.43, 1.30, 1.38, 65800, 8.28,,
2008-03-13, 1.39, 1.45, 1.35, 1.38, 68600, 8.28,,
2008-03-12, 1.34, 1.48, 1.30, 1.39, 79600, 8.34,,
2008-03-11, 1.38, 1.45, 1.33, 1.44, 63000, 8.64,,
2008-03-10, 1.21, 1.39, 1.20, 1.36, 84700, 8.16,,
2008-03-07, 1.24, 1.32, 1.16, 1.25, 61900, 7.50,,
2008-03-06, 1.36, 1.36, 1.23, 1.28, 58900, 7.68,,
2008-03-05, 1.34, 1.43, 1.26, 1.34, 44000, 8.04,,
2008-03-04, 1.27, 1.33, 1.25, 1.33, 20700, 7.98,,
2008-03-03, 1.39, 1.39, 1.25, 1.25, 48200, 7.50,,
2008-02-29, 1.37, 1.39, 1.35, 1.36, 22600, 8.16,,
2008-02-28, 1.39, 1.40, 1.35, 1.39, 29700, 8.34,,
2008-02-27, 1.44, 1.44, 1.35, 1.39, 32900, 8.34,,
2008-02-26, 1.39, 1.45, 1.37, 1.44, 31200, 8.64,,
2008-02-25, 1.33, 1.43, 1.33, 1.42, 38100, 8.52,,
2008-02-22, 1.35, 1.43, 1.34, 1.35, 36500, 8.10,,
2008-02-21, 1.42, 1.44, 1.37, 1.38, 36700, 8.28,,
2008-02-20, 1.39, 1.48, 1.37, 1.44, 53300, 8.64,,
2008-02-19, 1.43, 1.48, 1.36, 1.46, 64500, 8.76,,
2008-02-15, 1.37, 1.43, 1.30, 1.39, 51100, 8.34,,
2008-02-14, 1.46, 1.53, 1.31, 1.35, 94500, 8.10,,
2008-02-13, 1.41, 1.48, 1.38, 1.48, 75800, 8.88,,
2008-02-12, 1.30, 1.41, 1.29, 1.41, 110900, 8.46,,
2008-02-11, 1.08, 1.33, 1.07, 1.30, 166600, 7.80,,
2008-02-08, 1.12, 1.14, 1.06, 1.09, 70600, 6.54,,
2008-02-07, 1.09, 1.17, 1.06, 1.10, 102100, 6.60,,
2008-02-06, 1.17, 1.20, 1.07, 1.07, 123000, 6.42,,
2008-02-05, 1.26, 1.28, 1.17, 1.18, 99000, 7.08,,
2008-02-04, 1.31, 1.31, 1.24, 1.28, 86300, 7.68,,
2008-02-01, 1.25, 1.29, 1.22, 1.28, 35300, 7.68,,
2008-01-31, 1.25, 1.25, 1.17, 1.24, 52700, 7.44,,
2008-01-30, 1.29, 1.29, 1.23, 1.26, 30300, 7.56,,
2008-01-29, 1.21, 1.29, 1.17, 1.29, 78900, 7.74,,
2008-01-28, 1.25, 1.25, 1.17, 1.21, 57700, 7.26,,
2008-01-25, 1.26, 1.28, 1.16, 1.22, 78200, 7.32,,
2008-01-24, 1.33, 1.33, 1.25, 1.26, 29900, 7.56,,
2008-01-23, 1.30, 1.34, 1.24, 1.29, 73000, 7.74,,
2008-01-22, 1.26, 1.36, 1.00, 1.36, 68700, 8.16,,
2008-01-18, 1.39, 1.44, 1.33, 1.37, 85300, 8.22,,
2008-01-17, 1.43, 1.48, 1.35, 1.35, 68200, 8.10,,
2008-01-16, 1.40, 1.48, 1.37, 1.45, 50600, 8.70,,
2008-01-15, 1.44, 1.47, 1.35, 1.43, 47400, 8.58,,
2008-01-14, 1.48, 1.53, 1.43, 1.45, 56100, 8.70,,
2008-01-11, 1.49, 1.50, 1.44, 1.48, 45200, 8.88,,
2008-01-10, 1.44, 1.52, 1.37, 1.51, 78200, 9.06,,
2008-01-09, 1.43, 1.45, 1.38, 1.42, 52800, 8.52,,
2008-01-08, 1.31, 1.48, 1.31, 1.40, 95900, 8.40,,
2008-01-07, 1.41, 1.45, 1.33, 1.35, 69200, 8.10,,
2008-01-04, 1.45, 1.46, 1.40, 1.42, 87900, 8.52,,
2008-01-03, 1.45, 1.48, 1.36, 1.48, 96800, 8.88,,
2008-01-02, 1.42, 1.44, 1.39, 1.42, 132100, 8.52,,
2007-12-31, 1.35, 1.41, 1.34, 1.41, 165200, 8.46,,
2007-12-28, 1.33, 1.40, 1.30, 1.31, 146100, 7.86,,
2007-12-27, 1.35, 1.42, 1.35, 1.35, 118900, 8.10,,
2007-12-26, 1.37, 1.40, 1.33, 1.37, 190200, 8.22,,
2007-12-24, 1.43, 1.43, 1.37, 1.40, 82600, 8.40,,
2007-12-21, 1.36, 1.42, 1.36, 1.42, 140700, 8.52,,
2007-12-20, 1.39, 1.45, 1.37, 1.38, 107200, 8.28,,
2007-12-19, 1.45, 1.45, 1.36, 1.36, 101000, 8.16,,
2007-12-18, 1.42, 1.47, 1.38, 1.40, 100900, 8.40,,
2007-12-17, 1.64, 1.64, 1.39, 1.41, 154200, 8.46,,
2007-12-14, 1.68, 1.72, 1.62, 1.62, 111800, 9.72,,
2007-12-13, 1.70, 1.78, 1.60, 1.68, 550400, 10.08,,
2007-12-12, 2.28, 2.30, 2.20, 2.23, 32600, 13.38,,
2007-12-11, 2.30, 2.34, 2.23, 2.24, 33300, 13.44,,
2007-12-10, 2.28, 2.35, 2.28, 2.31, 28000, 13.86,,
2007-12-07, 2.31, 2.38, 2.23, 2.28, 45900, 13.68,,
2007-12-06, 2.37, 2.37, 2.27, 2.34, 29300, 14.04,,
2007-12-05, 2.37, 2.37, 2.32, 2.34, 28500, 14.04,,
2007-12-04, 2.41, 2.44, 2.31, 2.32, 39500, 13.92,,
2007-12-03, 2.41, 2.50, 2.35, 2.41, 78500, 14.46,,
2007-11-30, 2.39, 2.39, 2.27, 2.33, 31700, 13.98,,
2007-11-29, 2.35, 2.42, 2.30, 2.39, 38000, 14.34,,
2007-11-28, 2.33, 2.39, 2.19, 2.37, 58900, 14.22,,
2007-11-27, 2.39, 2.45, 2.31, 2.33, 38000, 13.98,,
2007-11-26, 2.50, 2.51, 2.29, 2.41, 36800, 14.46,,
2007-11-23, 2.42, 2.49, 2.39, 2.49, 16500, 14.94,,
2007-11-21, 2.44, 2.49, 2.35, 2.38, 39300, 14.28,,
2007-11-20, 2.59, 2.59, 2.30, 2.50, 53500, 15.00,,
2007-11-19, 2.53, 2.59, 2.50, 2.52, 31700, 15.12,,
2007-11-16, 2.65, 2.70, 2.53, 2.56, 42300, 15.36,,
2007-11-15, 2.74, 2.82, 2.66, 2.66, 24700, 15.96,,
2007-11-14, 2.67, 2.86, 2.60, 2.77, 69100, 16.62,,
2007-11-13, 2.57, 2.68, 2.53, 2.65, 42600, 15.90,,
2007-11-12, 2.46, 2.56, 2.46, 2.52, 57100, 15.12,,
2007-11-09, 2.45, 2.51, 2.40, 2.45, 60600, 14.70,,
2007-11-08, 2.54, 2.59, 2.45, 2.50, 53300, 15.00,,
2007-11-07, 2.56, 2.58, 2.46, 2.50, 93400, 15.00,,
2007-11-06, 2.63, 2.79, 2.57, 2.59, 70200, 15.54,,
2007-11-05, 2.67, 2.69, 2.63, 2.68, 43300, 16.08,,
2007-11-02, 2.71, 2.80, 2.67, 2.70, 42400, 16.20,,
2007-11-01, 2.90, 2.92, 2.72, 2.75, 50200, 16.50,,
2007-10-31, 2.81, 2.85, 2.81, 2.83, 19500, 16.98,,
2007-10-30, 2.85, 2.87, 2.82, 2.82, 19700, 16.92,,
2007-10-29, 2.93, 2.93, 2.81, 2.83, 26300, 16.98,,
2007-10-26, 2.84, 2.94, 2.81, 2.94, 40700, 17.64,,
2007-10-25, 2.95, 2.95, 2.80, 2.85, 42300, 17.10,,
2007-10-24, 2.90, 2.94, 2.85, 2.94, 42700, 17.64,,
2007-10-23, 2.93, 2.94, 2.85, 2.90, 21900, 17.40,,
2007-10-22, 2.82, 2.93, 2.80, 2.93, 27900, 17.58,,
2007-10-19, 2.90, 2.90, 2.85, 2.85, 29800, 17.10,,
2007-10-18, 2.90, 3.00, 2.86, 2.92, 42800, 17.52,,
2007-10-17, 2.89, 2.95, 2.85, 2.94, 42400, 17.64,,
2007-10-16, 2.86, 2.95, 2.83, 2.86, 44500, 17.16,,
2007-10-15, 2.95, 2.96, 2.85, 2.85, 37200, 17.10,,
2007-10-12, 2.93, 2.94, 2.84, 2.88, 45400, 17.28,,
2007-10-11, 2.93, 3.01, 2.90, 2.90, 60300, 17.40,,
2007-10-10, 3.06, 3.14, 2.82, 2.95, 131500, 17.70,,
2007-10-09, 2.91, 3.14, 2.86, 3.07, 156300, 18.42,,
2007-10-08, 2.84, 2.96, 2.79, 2.93, 110800, 17.58,,
2007-10-05, 2.57, 2.84, 2.56, 2.83, 141500, 16.98,,
2007-10-04, 2.56, 2.62, 2.55, 2.55, 29400, 15.30,,
2007-10-03, 2.52, 2.61, 2.52, 2.58, 21600, 15.48,,
2007-10-02, 2.54, 2.59, 2.51, 2.53, 37900, 15.18,,
2007-10-01, 2.54, 2.58, 2.54, 2.56, 20500, 15.36,,
2007-09-28, 2.56, 2.59, 2.55, 2.55, 22000, 15.30,,
2007-09-27, 2.56, 2.61, 2.56, 2.56, 21000, 15.36,,
2007-09-26, 2.55, 2.62, 2.55, 2.58, 21300, 15.48,,
2007-09-25, 2.56, 2.63, 2.55, 2.56, 18700, 15.36,,
2007-09-24, 2.63, 2.68, 2.57, 2.59, 38900, 15.54,,
2007-09-21, 2.67, 2.72, 2.63, 2.65, 72700, 15.90,,
2007-09-20, 2.67, 2.74, 2.63, 2.69, 20500, 16.14,,
2007-09-19, 2.71, 2.75, 2.65, 2.67, 33700, 16.02,,
2007-09-18, 2.64, 2.73, 2.64, 2.67, 34000, 16.02,,
2007-09-17, 2.73, 2.74, 2.62, 2.64, 22500, 15.84,,
2007-09-14, 2.60, 2.76, 2.60, 2.76, 32100, 16.56,,
2007-09-13, 2.68, 2.70, 2.60, 2.65, 28600, 15.90,,
2007-09-12, 2.70, 2.74, 2.65, 2.68, 85200, 16.08,,
2007-09-11, 2.58, 2.60, 2.55, 2.58, 38500, 15.48,,
2007-09-10, 2.69, 2.69, 2.57, 2.58, 32600, 15.48,,
2007-09-07, 2.60, 2.69, 2.59, 2.69, 26500, 16.14,,
2007-09-06, 2.60, 2.65, 2.60, 2.63, 14500, 15.78,,
2007-09-05, 2.66, 2.67, 2.58, 2.60, 17400, 15.60,,
2007-09-04, 2.55, 2.66, 2.55, 2.66, 27300, 15.96,,
2007-08-31, 2.65, 2.65, 2.54, 2.61, 39700, 15.66,,
2007-08-30, 2.60, 2.69, 2.60, 2.61, 63500, 15.66,,
2007-08-29, 2.57, 2.64, 2.55, 2.64, 30400, 15.84,,
2007-08-28, 2.62, 2.63, 2.52, 2.57, 41400, 15.42,,
2007-08-27, 2.56, 2.63, 2.56, 2.61, 20100, 15.66,,
2007-08-24, 2.49, 2.64, 2.49, 2.56, 35900, 15.36,,
2007-08-23, 2.51, 2.52, 2.48, 2.49, 30300, 14.94,,
2007-08-22, 2.54, 2.58, 2.46, 2.51, 45000, 15.06,,
2007-08-21, 2.50, 2.55, 2.49, 2.52, 31600, 15.12,,
2007-08-20, 2.57, 2.58, 2.49, 2.50, 48000, 15.00,,
2007-08-17, 2.61, 2.61, 2.51, 2.57, 40100, 15.42,,
2007-08-16, 2.55, 2.66, 2.50, 2.52, 43700, 15.12,,
2007-08-15, 2.60, 2.67, 2.57, 2.58, 52800, 15.48,,
2007-08-14, 2.68, 2.72, 2.63, 2.64, 60700, 15.84,,
2007-08-13, 2.89, 2.89, 2.67, 2.70, 61300, 16.20,,
2007-08-10, 2.69, 2.90, 2.64, 2.83, 77000, 16.98,,
2007-08-09, 2.64, 2.83, 2.62, 2.81, 58700, 16.86,,
2007-08-08, 2.60, 2.79, 2.60, 2.72, 103500, 16.32,,
2007-08-07, 2.62, 2.68, 2.59, 2.62, 36700, 15.72,,
2007-08-06, 2.56, 2.68, 2.55, 2.62, 55200, 15.72,,
2007-08-03, 2.66, 2.67, 2.57, 2.57, 43000, 15.42,,
2007-08-02, 2.67, 2.73, 2.63, 2.65, 46800, 15.90,,
2007-08-01, 2.57, 2.67, 2.55, 2.67, 61600, 16.02,,
2007-07-31, 2.80, 2.80, 2.57, 2.60, 103100, 15.60,,
2007-07-30, 2.69, 2.73, 2.63, 2.72, 79000, 16.32,,
2007-07-27, 2.80, 2.81, 2.62, 2.68, 127700, 16.08,,
2007-07-26, 2.81, 2.82, 2.71, 2.80, 113500, 16.80,,
2007-07-25, 2.93, 2.95, 2.71, 2.80, 127400, 16.80,,
2007-07-24, 2.86, 2.86, 2.75, 2.85, 102000, 17.10,,
2007-07-23, 2.83, 2.87, 2.80, 2.86, 73500, 17.16,,
2007-07-20, 2.83, 2.87, 2.79, 2.82, 60400, 16.92,,
2007-07-19, 2.81, 2.87, 2.76, 2.79, 69600, 16.74,,
2007-07-18, 2.85, 2.87, 2.77, 2.78, 92700, 16.68,,
2007-07-17, 3.08, 3.08, 2.84, 2.87, 226600, 17.22,,
2007-07-16, 2.89, 2.92, 2.83, 2.83, 53300, 16.98,,
2007-07-13, 2.87, 2.94, 2.80, 2.86, 66900, 17.16,,
2007-07-12, 3.00, 3.01, 2.83, 2.87, 100000, 17.22,,
2007-07-11, 2.95, 3.08, 2.91, 2.98, 103400, 17.88,,
2007-07-10, 3.01, 3.02, 2.85, 2.93, 117500, 17.58,,
2007-07-09, 2.88, 3.10, 2.84, 3.06, 230800, 18.36,,
2007-07-06, 2.82, 2.88, 2.77, 2.86, 116400, 17.16,,
2007-07-05, 2.80, 2.87, 2.77, 2.81, 74500, 16.86,,
2007-07-03, 2.78, 2.88, 2.75, 2.87, 40900, 17.22,,
2007-07-02, 2.80, 2.84, 2.78, 2.80, 64100, 16.80,,
2007-06-29, 2.84, 2.84, 2.75, 2.80, 69100, 16.80,,
2007-06-28, 2.82, 2.87, 2.81, 2.85, 49600, 17.10,,
2007-06-27, 2.83, 2.90, 2.81, 2.82, 60200, 16.92,,
2007-06-26, 2.89, 2.96, 2.85, 2.88, 55200, 17.28,,
2007-06-25, 2.97, 3.01, 2.85, 2.89, 107400, 17.34,,
2007-06-22, 2.94, 2.98, 2.86, 2.98, 771100, 17.88,,
2007-06-21, 2.93, 2.95, 2.86, 2.95, 78600, 17.70,,
2007-06-20, 2.99, 3.00, 2.93, 2.96, 38300, 17.76,,
2007-06-19, 3.02, 3.04, 2.94, 2.99, 59100, 17.94,,
2007-06-18, 2.99, 3.06, 2.85, 3.06, 73600, 18.36,,
2007-06-15, 3.09, 3.09, 2.93, 2.99, 92500, 17.94,,
2007-06-14, 2.89, 2.95, 2.85, 2.92, 53200, 17.52,,
2007-06-13, 2.89, 2.90, 2.80, 2.89, 63100, 17.34,,
2007-06-12, 3.02, 3.04, 2.87, 2.88, 65900, 17.28,,
2007-06-11, 2.84, 3.14, 2.82, 3.05, 116400, 18.30,,
2007-06-08, 2.77, 2.88, 2.75, 2.83, 62700, 16.98,,
2007-06-07, 2.82, 2.85, 2.76, 2.77, 56800, 16.62,,
2007-06-06, 2.81, 2.87, 2.75, 2.85, 67600, 17.10,,
2007-06-05, 2.87, 2.90, 2.82, 2.83, 51500, 16.98,,
2007-06-04, 3.07, 3.07, 2.90, 2.90, 58600, 17.40,,
2007-06-01, 3.07, 3.10, 3.00, 3.07, 76300, 18.42,,
2007-05-31, 3.04, 3.07, 2.97, 3.05, 45000, 18.30,,
2007-05-30, 2.99, 3.08, 2.98, 3.03, 64700, 18.18,,
2007-05-29, 2.94, 3.08, 2.87, 3.02, 113500, 18.12,,
2007-05-25, 2.94, 2.99, 2.85, 2.96, 62200, 17.76,,
2007-05-24, 2.95, 2.97, 2.85, 2.93, 55500, 17.58,,
2007-05-23, 3.00, 3.02, 2.88, 2.96, 91300, 17.76,,
2007-05-22, 2.94, 3.05, 2.84, 3.03, 94500, 18.18,,
2007-05-21, 2.87, 2.99, 2.85, 2.92, 68400, 17.52,,
2007-05-18, 2.78, 2.85, 2.76, 2.85, 62900, 17.10,,
2007-05-17, 2.81, 2.81, 2.70, 2.79, 49300, 16.74,,
2007-05-16, 2.75, 2.81, 2.68, 2.81, 94000, 16.86,,
2007-05-15, 2.77, 2.81, 2.67, 2.68, 92100, 16.08,,
2007-05-14, 2.87, 2.87, 2.75, 2.80, 73300, 16.80,,
2007-05-11, 2.69, 2.90, 2.56, 2.90, 106800, 17.40,,
2007-05-10, 2.78, 2.80, 2.63, 2.65, 105400, 15.90,,
2007-05-09, 2.94, 2.94, 2.78, 2.80, 122800, 16.80,,
2007-05-08, 3.04, 3.04, 2.81, 2.88, 150000, 17.28,,
2007-05-07, 3.26, 3.26, 3.01, 3.04, 514700, 18.24,,
2007-05-04, 2.76, 2.79, 2.73, 2.77, 50200, 16.62,,
2007-05-03, 2.74, 2.76, 2.64, 2.76, 59600, 16.56,,
2007-05-02, 2.70, 2.77, 2.70, 2.74, 50600, 16.44,,
2007-05-01, 2.76, 2.77, 2.61, 2.64, 57400, 15.84,,
2007-04-30, 2.78, 2.80, 2.64, 2.67, 65000, 16.02,,
2007-04-27, 2.74, 2.83, 2.69, 2.81, 82900, 16.86,,
2007-04-26, 2.79, 2.80, 2.72, 2.75, 35700, 16.50,,
2007-04-25, 2.76, 2.80, 2.73, 2.80, 51100, 16.80,,
2007-04-24, 2.75, 2.82, 2.69, 2.74, 79300, 16.44,,
2007-04-23, 2.86, 2.90, 2.74, 2.76, 122200, 16.56,,
2007-04-20, 3.03, 3.05, 2.81, 2.84, 79000, 17.04,,
2007-04-19, 3.00, 3.04, 2.95, 2.99, 59700, 17.94,,
2007-04-18, 3.07, 3.10, 2.97, 2.99, 77500, 17.94,,
2007-04-17, 3.15, 3.19, 2.98, 3.11, 95400, 18.66,,
2007-04-16, 3.10, 3.21, 3.10, 3.15, 97600, 18.90,,
2007-04-13, 3.09, 3.10, 3.01, 3.10, 64000, 18.60,,
2007-04-12, 3.15, 3.17, 2.98, 3.09, 110300, 18.54,,
2007-04-11, 2.91, 3.22, 2.91, 3.13, 286000, 18.78,,
2007-04-10, 2.79, 2.90, 2.78, 2.90, 87800, 17.40,,
2007-04-09, 2.80, 2.83, 2.76, 2.78, 58500, 16.68,,
2007-04-05, 2.78, 2.87, 2.76, 2.82, 49900, 16.92,,
2007-04-04, 2.87, 2.87, 2.72, 2.79, 65700, 16.74,,
2007-04-03, 2.89, 2.95, 2.80, 2.86, 106400, 17.16,,
2007-04-02, 2.79, 3.00, 2.77, 2.93, 228700, 17.58,,
2007-03-30, 2.53, 2.70, 2.50, 2.68, 168700, 16.08,,
2007-03-29, 2.36, 2.42, 2.35, 2.41, 55700, 14.46,,
2007-03-28, 2.42, 2.48, 2.38, 2.39, 69700, 14.34,,
2007-03-27, 2.50, 2.54, 2.44, 2.45, 37300, 14.70,,
2007-03-26, 2.50, 2.51, 2.46, 2.51, 24200, 15.06,,
2007-03-23, 2.51, 2.51, 2.44, 2.47, 54500, 14.82,,
2007-03-22, 2.39, 2.53, 2.36, 2.51, 103800, 15.06,,
2007-03-21, 2.38, 2.39, 2.33, 2.38, 43500, 14.28,,
2007-03-20, 2.40, 2.41, 2.34, 2.36, 56900, 14.16,,
2007-03-19, 2.53, 2.57, 2.38, 2.40, 109900, 14.40,,
2007-03-16, 2.60, 2.60, 2.46, 2.50, 139200, 15.00,,
2007-03-15, 2.68, 2.68, 2.52, 2.59, 81100, 15.54,,
2007-03-14, 2.47, 2.70, 2.46, 2.70, 73400, 16.20,,
2007-03-13, 2.51, 2.55, 2.45, 2.46, 56700, 14.76,,
2007-03-12, 2.45, 2.54, 2.45, 2.51, 68100, 15.06,,
2007-03-09, 2.51, 2.55, 2.43, 2.48, 70200, 14.88,,
2007-03-08, 2.51, 2.57, 2.45, 2.48, 73800, 14.88,,
2007-03-07, 2.43, 2.52, 2.43, 2.48, 94700, 14.88,,
2007-03-06, 2.57, 2.60, 2.38, 2.46, 202700, 14.76,,
2007-03-05, 2.50, 2.63, 2.50, 2.54, 102400, 15.24,,
2007-03-02, 2.60, 2.64, 2.51, 2.51, 95000, 15.06,,
2007-03-01, 2.63, 2.67, 2.59, 2.60, 77100, 15.60,,
2007-02-28, 2.74, 2.75, 2.65, 2.66, 123100, 15.96,,
2007-02-27, 2.85, 2.86, 2.70, 2.74, 106300, 16.44,,
2007-02-26, 2.88, 2.90, 2.84, 2.85, 56700, 17.10,,
2007-02-23, 2.93, 2.95, 2.85, 2.87, 83300, 17.22,,
2007-02-22, 2.88, 2.95, 2.87, 2.94, 60300, 17.64,,
2007-02-21, 2.93, 2.96, 2.85, 2.89, 79100, 17.34,,
2007-02-20, 2.91, 2.97, 2.91, 2.95, 53500, 17.70,,
2007-02-16, 2.84, 2.95, 2.81, 2.94, 72900, 17.64,,
2007-02-15, 2.95, 2.95, 2.82, 2.83, 97600, 16.98,,
2007-02-14, 2.98, 3.03, 2.93, 2.93, 43500, 17.58,,
2007-02-13, 2.99, 3.00, 2.91, 2.98, 65100, 17.88,,
2007-02-12, 2.93, 3.02, 2.82, 3.01, 120500, 18.06,,
2007-02-09, 2.96, 2.99, 2.88, 2.90, 101000, 17.40,,
2007-02-08, 3.01, 3.04, 2.96, 2.96, 70800, 17.76,,
2007-02-07, 2.98, 3.04, 2.94, 2.97, 71400, 17.82,,
2007-02-06, 3.04, 3.08, 2.99, 3.00, 73400, 18.00,,
2007-02-05, 3.14, 3.15, 3.01, 3.03, 125100, 18.18,,
2007-02-02, 3.08, 3.10, 3.04, 3.06, 87700, 18.36,,
2007-02-01, 3.03, 3.08, 3.02, 3.06, 55100, 18.36,,
2007-01-31, 3.16, 3.21, 3.01, 3.03, 123400, 18.18,,
2007-01-30, 3.00, 3.15, 2.98, 3.14, 68700, 18.84,,
2007-01-29, 3.01, 3.04, 2.94, 2.99, 69700, 17.94,,
2007-01-26, 3.06, 3.06, 2.92, 3.01, 82000, 18.06,,
2007-01-25, 3.05, 3.06, 3.00, 3.01, 87000, 18.06,,
2007-01-24, 2.91, 3.08, 2.90, 3.02, 131200, 18.12,,
2007-01-23, 2.87, 2.95, 2.75, 2.91, 81200, 17.46,,
2007-01-22, 2.88, 2.93, 2.86, 2.87, 102100, 17.22,,
2007-01-19, 2.81, 2.90, 2.80, 2.87, 72800, 17.22,,
2007-01-18, 2.93, 2.98, 2.82, 2.84, 127600, 17.04,,
2007-01-17, 3.10, 3.10, 2.92, 2.93, 227000, 17.58,,
2007-01-16, 3.12, 3.16, 3.06, 3.10, 146900, 18.60,,
2007-01-12, 3.15, 3.17, 3.07, 3.10, 69100, 18.60,,
2007-01-11, 3.04, 3.17, 3.04, 3.13, 101600, 18.78,,
2007-01-10, 3.01, 3.04, 2.94, 3.04, 97300, 18.24,,
2007-01-09, 3.04, 3.08, 2.95, 2.98, 187600, 17.88,,
2007-01-08, 3.07, 3.10, 3.01, 3.04, 74600, 18.24,,
2007-01-05, 3.18, 3.18, 3.05, 3.09, 123100, 18.54,,
2007-01-04, 3.09, 3.23, 3.05, 3.20, 243000, 19.20,,
2007-01-03, 3.21, 3.28, 3.07, 3.09, 89000, 18.54,,
2006-12-29, 3.23, 3.24, 3.10, 3.18, 156900, 19.08,,
2006-12-28, 3.27, 3.31, 3.23, 3.23, 96400, 19.38,,
2006-12-27, 3.28, 3.33, 3.25, 3.31, 61200, 19.86,,
2006-12-26, 3.34, 3.38, 3.27, 3.29, 75400, 19.74,,
2006-12-22, 3.35, 3.38, 3.33, 3.36, 50300, 20.16,,
2006-12-21, 3.35, 3.42, 3.34, 3.37, 49800, 20.22,,
2006-12-20, 3.47, 3.47, 3.34, 3.37, 75300, 20.22,,
2006-12-19, 3.40, 3.40, 3.32, 3.34, 80800, 20.04,,
2006-12-18, 3.55, 3.57, 3.32, 3.44, 159000, 20.64,,
2006-12-15, 3.60, 3.64, 3.52, 3.53, 93500, 21.18,,
2006-12-14, 3.55, 3.64, 3.52, 3.60, 71400, 21.60,,
2006-12-13, 3.65, 3.68, 3.50, 3.53, 100900, 21.18,,
2006-12-12, 3.70, 3.76, 3.63, 3.65, 93800, 21.90,,
2006-12-11, 3.77, 3.81, 3.70, 3.71, 146200, 22.26,,
2006-12-08, 3.80, 3.80, 3.71, 3.74, 67500, 22.44,,
2006-12-07, 3.88, 3.88, 3.79, 3.83, 77900, 22.98,,
2006-12-06, 3.91, 3.93, 3.75, 3.83, 95900, 22.98,,
2006-12-05, 3.94, 3.95, 3.76, 3.93, 90700, 23.58,,
2006-12-04, 3.98, 4.17, 3.86, 3.95, 339000, 23.70,,
2006-12-01, 3.62, 3.64, 3.55, 3.59, 55400, 21.54,,
2006-11-30, 3.64, 3.65, 3.56, 3.63, 40700, 21.78,,
2006-11-29, 3.58, 3.76, 3.55, 3.63, 90800, 21.78,,
2006-11-28, 3.62, 3.69, 3.55, 3.58, 72800, 21.48,,
2006-11-27, 3.77, 3.82, 3.58, 3.64, 136500, 21.84,,
2006-11-24, 3.65, 3.87, 3.61, 3.77, 70500, 22.62,,
2006-11-22, 3.75, 3.79, 3.67, 3.68, 38800, 22.08,,
2006-11-21, 3.82, 3.82, 3.75, 3.75, 55300, 22.50,,
2006-11-20, 3.79, 3.86, 3.75, 3.80, 44400, 22.80,,
2006-11-17, 3.84, 3.87, 3.76, 3.82, 65800, 22.92,,
2006-11-16, 3.85, 3.88, 3.81, 3.84, 47000, 23.04,,
2006-11-15, 3.93, 3.95, 3.78, 3.87, 95400, 23.22,,
2006-11-14, 3.84, 3.98, 3.70, 3.90, 140500, 23.40,,
2006-11-13, 3.72, 3.86, 3.71, 3.83, 65600, 22.98,,
2006-11-10, 3.80, 3.85, 3.65, 3.75, 119300, 22.50,,
2006-11-09, 3.86, 3.90, 3.55, 3.69, 152100, 22.14,,
2006-11-08, 3.95, 3.98, 3.82, 3.88, 110600, 23.28,,
2006-11-07, 3.90, 4.13, 3.88, 3.97, 157200, 23.82,,
2006-11-06, 3.77, 4.00, 3.72, 3.94, 153100, 23.64,,
2006-11-03, 3.73, 3.88, 3.73, 3.77, 137000, 22.62,,
2006-11-02, 3.80, 3.82, 3.65, 3.70, 118900, 22.20,,
2006-11-01, 3.86, 4.02, 3.83, 3.85, 116100, 23.10,,
2006-10-31, 4.12, 4.16, 3.85, 3.88, 197300, 23.28,,
2006-10-30, 4.12, 4.27, 3.96, 4.02, 189700, 24.12,,
2006-10-27, 4.40, 4.45, 4.12, 4.14, 196700, 24.84,,
2006-10-26, 4.28, 4.44, 4.25, 4.29, 179800, 25.74,,
2006-10-25, 4.45, 4.55, 4.25, 4.29, 197400, 25.74,,
2006-10-24, 4.82, 4.85, 4.31, 4.42, 268500, 26.52,,
2006-10-23, 4.35, 4.89, 4.22, 4.82, 348800, 28.92,,
2006-10-20, 4.09, 4.37, 4.07, 4.37, 324600, 26.22,,
2006-10-19, 3.91, 4.18, 3.78, 4.07, 402000, 24.42,,
2006-10-18, 3.92, 3.92, 3.69, 3.74, 67400, 22.44,,
2006-10-17, 3.83, 3.86, 3.63, 3.86, 133200, 23.16,,
2006-10-16, 3.81, 3.90, 3.78, 3.85, 108500, 23.10,,
2006-10-13, 3.81, 3.85, 3.77, 3.82, 56000, 22.92,,
2006-10-12, 3.78, 3.85, 3.74, 3.84, 71100, 23.04,,
2006-10-11, 3.86, 3.86, 3.74, 3.74, 44000, 22.44,,
2006-10-10, 3.81, 3.88, 3.69, 3.86, 74100, 23.16,,
2006-10-09, 3.78, 3.95, 3.74, 3.82, 124600, 22.92,,
2006-10-06, 3.65, 3.79, 3.51, 3.77, 139800, 22.62,,
2006-10-05, 3.15, 3.65, 3.10, 3.56, 134900, 21.36,,
2006-10-04, 3.35, 3.37, 2.95, 3.18, 249000, 19.08,,
2006-10-03, 3.47, 3.49, 3.42, 3.43, 39500, 20.58,,
2006-10-02, 3.61, 3.62, 3.45, 3.51, 57400, 21.06,,
2006-09-29, 3.72, 3.88, 3.56, 3.64, 197400, 21.84,,
2006-09-28, 3.62, 3.66, 3.45, 3.52, 116300, 21.12,,
2006-09-27, 3.45, 3.66, 3.45, 3.59, 40400, 21.54,,
2006-09-26, 3.43, 3.54, 3.43, 3.48, 31100, 20.88,,
2006-09-25, 3.56, 3.62, 3.39, 3.43, 88700, 20.58,,
2006-09-22, 3.65, 3.69, 3.54, 3.58, 45400, 21.48,,
2006-09-21, 3.66, 3.73, 3.61, 3.68, 44300, 22.08,,
2006-09-20, 3.60, 3.75, 3.59, 3.63, 40200, 21.78,,
2006-09-19, 3.75, 3.75, 3.53, 3.59, 51800, 21.54,,
2006-09-18, 3.60, 3.70, 3.51, 3.68, 48200, 22.08,,
2006-09-15, 3.60, 3.62, 3.57, 3.60, 63800, 21.60,,
2006-09-14, 3.63, 3.63, 3.53, 3.56, 59800, 21.36,,
2006-09-13, 3.56, 3.69, 3.51, 3.63, 48300, 21.78,,
2006-09-12, 3.39, 3.56, 3.39, 3.55, 111800, 21.30,,
2006-09-11, 3.51, 3.51, 3.35, 3.39, 71600, 20.34,,
2006-09-08, 3.60, 3.63, 3.38, 3.54, 99100, 21.24,,
2006-09-07, 3.73, 3.75, 3.55, 3.62, 97400, 21.72,,
2006-09-06, 3.98, 4.00, 3.72, 3.74, 105300, 22.44,,
2006-09-05, 4.00, 4.14, 3.93, 3.98, 114000, 23.88,,
2006-09-01, 4.15, 4.18, 4.05, 4.14, 36500, 24.84,,
2006-08-31, 4.20, 4.23, 4.10, 4.13, 84800, 24.78,,
2006-08-30, 4.00, 4.26, 3.92, 4.14, 134600, 24.84,,
2006-08-29, 3.95, 4.01, 3.81, 3.99, 57500, 23.94,,
2006-08-28, 3.95, 4.04, 3.93, 3.97, 67000, 23.82,,
2006-08-25, 3.87, 4.05, 3.80, 3.95, 86100, 23.70,,
2006-08-24, 3.87, 4.02, 3.76, 3.85, 99800, 23.10,,
2006-08-23, 4.25, 4.35, 3.81, 3.84, 284900, 23.04,,
2006-08-22, 3.61, 4.48, 3.55, 4.28, 774300, 25.68,,
2006-08-21, 3.35, 3.71, 3.27, 3.58, 248500, 21.48,,
2006-08-18, 3.00, 3.53, 2.99, 3.30, 177800, 19.80,,
2006-08-17, 2.90, 3.01, 2.86, 2.99, 51200, 17.94,,
2006-08-16, 2.77, 2.92, 2.77, 2.86, 65100, 17.16,,
2006-08-15, 2.79, 2.79, 2.72, 2.76, 45300, 16.56,,
2006-08-14, 2.70, 2.88, 2.70, 2.75, 47000, 16.50,,
2006-08-11, 2.70, 2.74, 2.65, 2.69, 32800, 16.14,,
2006-08-10, 2.68, 2.82, 2.66, 2.72, 70200, 16.32,,
2006-08-09, 2.86, 2.97, 2.68, 2.70, 116500, 16.20,,
2006-08-08, 2.93, 2.97, 2.68, 2.69, 97100, 16.14,,
2006-08-07, 3.07, 3.08, 2.89, 2.96, 87500, 17.76,,
2006-08-04, 3.24, 3.27, 3.00, 3.10, 65000, 18.60,,
2006-08-03, 3.08, 3.14, 2.97, 3.13, 64700, 18.78,,
2006-08-02, 3.12, 3.33, 2.95, 2.95, 139100, 17.70,,
2006-08-01, 2.89, 3.37, 2.79, 3.11, 239700, 18.66,,
2006-07-31, 2.58, 2.85, 2.58, 2.83, 107100, 16.98,,
2006-07-28, 2.63, 2.77, 2.55, 2.58, 119400, 15.48,,
2006-07-27, 2.90, 2.90, 2.59, 2.60, 206300, 15.60,,
2006-07-26, 2.96, 3.00, 2.85, 2.87, 116100, 17.22,,
2006-07-25, 3.01, 3.13, 2.94, 2.98, 73900, 17.88,,
2006-07-24, 2.92, 3.05, 2.92, 3.02, 142100, 18.12,,
2006-07-21, 3.09, 3.10, 2.87, 2.90, 94700, 17.40,,
2006-07-20, 3.21, 3.27, 3.07, 3.09, 46400, 18.54,,
2006-07-19, 3.04, 3.23, 3.04, 3.19, 72200, 19.14,,
2006-07-18, 3.28, 3.30, 2.97, 3.03, 142700, 18.18,,
2006-07-17, 3.24, 3.28, 3.04, 3.25, 146000, 19.50,,
2006-07-14, 3.37, 3.40, 3.25, 3.26, 107700, 19.56,,
2006-07-13, 3.51, 3.58, 3.37, 3.38, 72400, 20.28,,
2006-07-12, 3.53, 3.65, 3.49, 3.50, 54500, 21.00,,
2006-07-11, 3.49, 3.55, 3.46, 3.55, 47200, 21.30,,
2006-07-10, 3.48, 3.53, 3.47, 3.51, 77700, 21.06,,
2006-07-07, 3.55, 3.64, 3.46, 3.50, 79300, 21.00,,
2006-07-06, 3.66, 3.68, 3.52, 3.52, 74000, 21.12,,
2006-07-05, 3.69, 3.69, 3.53, 3.68, 128600, 22.08,,
2006-07-03, 3.76, 3.76, 3.65, 3.71, 48200, 22.26,,
2006-06-30, 3.75, 3.92, 3.64, 3.75, 870100, 22.50,,
2006-06-29, 3.79, 3.83, 3.56, 3.73, 90400, 22.38,,
2006-06-28, 3.74, 3.79, 3.55, 3.74, 94800, 22.44,,
2006-06-27, 4.08, 4.10, 3.70, 3.71, 84900, 22.26,,
2006-06-26, 4.03, 4.10, 4.00, 4.05, 40000, 24.30,,
2006-06-23, 3.97, 4.09, 3.92, 4.01, 53200, 24.06,,
2006-06-22, 3.93, 4.03, 3.82, 3.96, 65200, 23.76,,
2006-06-21, 3.82, 3.96, 3.78, 3.86, 48800, 23.16,,
2006-06-20, 3.80, 3.86, 3.71, 3.80, 73300, 22.80,,
